# ESTINF: dz = 1.980198E-01 NGRIDSEP = 101
#                   T = 0.30                                        T = 0.50                                        T = 0.75                                        T = 1.00                                        T = 1.00                                        T = 1.25                                        T = 1.50                    
#          r [Å]            ρ(r)           Δρ(r)           r [Å]            ρ(r)           Δρ(r)           r [Å]            ρ(r)           Δρ(r)           r [Å]            ρ(r)           Δρ(r)           r [Å]            ρ(r)           Δρ(r)           r [Å]            ρ(r)           Δρ(r)           r [Å]            ρ(r)           Δρ(r)
 -1.00000000E+01  0.00000000E+00  0.00000000E+00 -1.00000000E+01  0.00000000E+00  0.00000000E+00 -1.00000000E+01  0.00000000E+00  0.00000000E+00 -1.00000000E+01  0.00000000E+00  0.00000000E+00 -1.00000000E+01  0.00000000E+00  0.00000000E+00 -1.00000000E+01  0.00000000E+00  0.00000000E+00 -1.00000000E+01  0.00000000E+00  0.00000000E+00
 -9.80198000E+00  0.00000000E+00  0.00000000E+00 -9.80198000E+00  0.00000000E+00  0.00000000E+00 -9.80198000E+00  0.00000000E+00  0.00000000E+00 -9.80198000E+00  0.00000000E+00  0.00000000E+00 -9.80198000E+00  0.00000000E+00  0.00000000E+00 -9.80198000E+00  0.00000000E+00  0.00000000E+00 -9.80198000E+00  0.00000000E+00  0.00000000E+00
 -9.60396000E+00  0.00000000E+00  0.00000000E+00 -9.60396000E+00  0.00000000E+00  0.00000000E+00 -9.60396000E+00  0.00000000E+00  0.00000000E+00 -9.60396000E+00  0.00000000E+00  0.00000000E+00 -9.60396000E+00  0.00000000E+00  0.00000000E+00 -9.60396000E+00  0.00000000E+00  0.00000000E+00 -9.60396000E+00  0.00000000E+00  0.00000000E+00
 -9.40594100E+00  0.00000000E+00  0.00000000E+00 -9.40594100E+00  0.00000000E+00  0.00000000E+00 -9.40594100E+00  0.00000000E+00  0.00000000E+00 -9.40594100E+00  0.00000000E+00  0.00000000E+00 -9.40594100E+00  0.00000000E+00  0.00000000E+00 -9.40594100E+00  0.00000000E+00  0.00000000E+00 -9.40594100E+00  0.00000000E+00  0.00000000E+00
 -9.20792100E+00  0.00000000E+00  0.00000000E+00 -9.20792100E+00  0.00000000E+00  0.00000000E+00 -9.20792100E+00  0.00000000E+00  0.00000000E+00 -9.20792100E+00  0.00000000E+00  0.00000000E+00 -9.20792100E+00  0.00000000E+00  0.00000000E+00 -9.20792100E+00  0.00000000E+00  0.00000000E+00 -9.20792100E+00  0.00000000E+00  0.00000000E+00
 -9.00990100E+00  0.00000000E+00  0.00000000E+00 -9.00990100E+00  0.00000000E+00  0.00000000E+00 -9.00990100E+00  0.00000000E+00  0.00000000E+00 -9.00990100E+00  0.00000000E+00  0.00000000E+00 -9.00990100E+00  0.00000000E+00  0.00000000E+00 -9.00990100E+00  0.00000000E+00  0.00000000E+00 -9.00990100E+00  0.00000000E+00  0.00000000E+00
 -8.81188100E+00  0.00000000E+00  0.00000000E+00 -8.81188100E+00  0.00000000E+00  0.00000000E+00 -8.81188100E+00  0.00000000E+00  0.00000000E+00 -8.81188100E+00  0.00000000E+00  0.00000000E+00 -8.81188100E+00  0.00000000E+00  0.00000000E+00 -8.81188100E+00  0.00000000E+00  0.00000000E+00 -8.81188100E+00  0.00000000E+00  0.00000000E+00
 -8.61386100E+00  0.00000000E+00  0.00000000E+00 -8.61386100E+00  0.00000000E+00  0.00000000E+00 -8.61386100E+00  0.00000000E+00  0.00000000E+00 -8.61386100E+00  0.00000000E+00  0.00000000E+00 -8.61386100E+00  0.00000000E+00  0.00000000E+00 -8.61386100E+00  0.00000000E+00  0.00000000E+00 -8.61386100E+00  0.00000000E+00  0.00000000E+00
 -8.41584200E+00  0.00000000E+00  0.00000000E+00 -8.41584200E+00  0.00000000E+00  0.00000000E+00 -8.41584200E+00  0.00000000E+00  0.00000000E+00 -8.41584200E+00  0.00000000E+00  0.00000000E+00 -8.41584200E+00  0.00000000E+00  0.00000000E+00 -8.41584200E+00  0.00000000E+00  0.00000000E+00 -8.41584200E+00  0.00000000E+00  0.00000000E+00
 -8.21782200E+00  0.00000000E+00  0.00000000E+00 -8.21782200E+00  0.00000000E+00  0.00000000E+00 -8.21782200E+00  0.00000000E+00  0.00000000E+00 -8.21782200E+00  0.00000000E+00  0.00000000E+00 -8.21782200E+00  0.00000000E+00  0.00000000E+00 -8.21782200E+00  0.00000000E+00  0.00000000E+00 -8.21782200E+00  0.00000000E+00  0.00000000E+00
 -8.01980200E+00  0.00000000E+00  0.00000000E+00 -8.01980200E+00  0.00000000E+00  0.00000000E+00 -8.01980200E+00  0.00000000E+00  0.00000000E+00 -8.01980200E+00  0.00000000E+00  0.00000000E+00 -8.01980200E+00  0.00000000E+00  0.00000000E+00 -8.01980200E+00  0.00000000E+00  0.00000000E+00 -8.01980200E+00  0.00000000E+00  0.00000000E+00
 -7.82178200E+00  0.00000000E+00  0.00000000E+00 -7.82178200E+00  0.00000000E+00  0.00000000E+00 -7.82178200E+00  0.00000000E+00  0.00000000E+00 -7.82178200E+00  0.00000000E+00  0.00000000E+00 -7.82178200E+00  0.00000000E+00  0.00000000E+00 -7.82178200E+00  0.00000000E+00  0.00000000E+00 -7.82178200E+00  0.00000000E+00  0.00000000E+00
 -7.62376200E+00  0.00000000E+00  0.00000000E+00 -7.62376200E+00  0.00000000E+00  0.00000000E+00 -7.62376200E+00  0.00000000E+00  0.00000000E+00 -7.62376200E+00  0.00000000E+00  0.00000000E+00 -7.62376200E+00  0.00000000E+00  0.00000000E+00 -7.62376200E+00  0.00000000E+00  0.00000000E+00 -7.62376200E+00  0.00000000E+00  0.00000000E+00
 -7.42574300E+00  0.00000000E+00  0.00000000E+00 -7.42574300E+00  0.00000000E+00  0.00000000E+00 -7.42574300E+00  0.00000000E+00  0.00000000E+00 -7.42574300E+00  0.00000000E+00  0.00000000E+00 -7.42574300E+00  0.00000000E+00  0.00000000E+00 -7.42574300E+00  0.00000000E+00  0.00000000E+00 -7.42574300E+00  1.74924699E-07  1.76335382E-07
 -7.22772300E+00  0.00000000E+00  0.00000000E+00 -7.22772300E+00  0.00000000E+00  0.00000000E+00 -7.22772300E+00  0.00000000E+00  0.00000000E+00 -7.22772300E+00  0.00000000E+00  0.00000000E+00 -7.22772300E+00  0.00000000E+00  0.00000000E+00 -7.22772300E+00  1.26250000E-08  1.27268145E-08 -7.22772300E+00  3.11822290E-07  3.14336986E-07
 -7.02970300E+00  0.00000000E+00  0.00000000E+00 -7.02970300E+00  0.00000000E+00  0.00000000E+00 -7.02970300E+00  0.00000000E+00  0.00000000E+00 -7.02970300E+00  0.00000000E+00  0.00000000E+00 -7.02970300E+00  0.00000000E+00  0.00000000E+00 -7.02970300E+00  6.94375000E-08  4.92974739E-08 -7.02970300E+00  3.11822288E-07  2.99145237E-07
 -6.83168300E+00  0.00000000E+00  0.00000000E+00 -6.83168300E+00  0.00000000E+00  0.00000000E+00 -6.83168300E+00  0.00000000E+00  0.00000000E+00 -6.83168300E+00  0.00000000E+00  0.00000000E+00 -6.83168300E+00  0.00000000E+00  0.00000000E+00 -6.83168300E+00  3.53500000E-07  2.57847715E-07 -6.83168300E+00  4.94352410E-07  3.40162538E-07
 -6.63366300E+00  0.00000000E+00  0.00000000E+00 -6.63366300E+00  0.00000000E+00  0.00000000E+00 -6.63366300E+00  0.00000000E+00  0.00000000E+00 -6.63366300E+00  0.00000000E+00  0.00000000E+00 -6.63366300E+00  0.00000000E+00  0.00000000E+00 -6.63366300E+00  6.31250000E-07  4.61580604E-07 -6.63366300E+00  1.44503012E-06  6.10454639E-07
 -6.43564400E+00  0.00000000E+00  0.00000000E+00 -6.43564400E+00  0.00000000E+00  0.00000000E+00 -6.43564400E+00  0.00000000E+00  0.00000000E+00 -6.43564400E+00  0.00000000E+00  0.00000000E+00 -6.43564400E+00  0.00000000E+00  0.00000000E+00 -6.43564400E+00  8.90062500E-07  5.65666124E-07 -6.43564400E+00  2.58584337E-06  1.06611662E-06
 -6.23762400E+00  0.00000000E+00  0.00000000E+00 -6.23762400E+00  0.00000000E+00  0.00000000E+00 -6.23762400E+00  0.00000000E+00  0.00000000E+00 -6.23762400E+00  0.00000000E+00  0.00000000E+00 -6.23762400E+00  0.00000000E+00  0.00000000E+00 -6.23762400E+00  8.33250000E-07  4.70229614E-07 -6.23762400E+00  2.45655120E-06  7.11279038E-07
 -6.03960400E+00  0.00000000E+00  0.00000000E+00 -6.03960400E+00  0.00000000E+00  0.00000000E+00 -6.03960400E+00  0.00000000E+00  0.00000000E+00 -6.03960400E+00  0.00000000E+00  0.00000000E+00 -6.03960400E+00  0.00000000E+00  0.00000000E+00 -6.03960400E+00  5.11312500E-07  2.95267599E-07 -6.03960400E+00  6.27447289E-06  1.51891271E-06
 -5.84158400E+00  0.00000000E+00  0.00000000E+00 -5.84158400E+00  0.00000000E+00  0.00000000E+00 -5.84158400E+00  0.00000000E+00  0.00000000E+00 -5.84158400E+00  6.67267267E-07  6.77439024E-07 -5.84158400E+00  2.52500000E-07  1.95274949E-07 -5.84158400E+00  1.62862500E-06  6.67363018E-07 -5.84158400E+00  1.47925452E-05  2.31728819E-06
 -5.64356400E+00  0.00000000E+00  0.00000000E+00 -5.64356400E+00  0.00000000E+00  0.00000000E+00 -5.64356400E+00  1.51651652E-08  1.52874649E-08 -5.64356400E+00  1.42552553E-06  1.44725610E-06 -5.64356400E+00  4.79750000E-07  2.33465059E-07 -5.64356400E+00  4.58287500E-06  1.23166072E-06 -5.64356400E+00  2.67939006E-05  3.13572338E-06
 -5.44554500E+00  0.00000000E+00  0.00000000E+00 -5.44554500E+00  0.00000000E+00  0.00000000E+00 -5.44554500E+00  1.89564564E-08  1.91093311E-08 -5.44554500E+00  2.42642643E-06  1.81296742E-06 -5.44554500E+00  1.53520000E-06  6.15885985E-07 -5.44554500E+00  1.02893750E-05  1.71346367E-06 -5.44554500E+00  5.37475151E-05  4.14164793E-06
 -5.24752500E+00  0.00000000E+00  0.00000000E+00 -5.24752500E+00  0.00000000E+00  0.00000000E+00 -5.24752500E+00  6.82432432E-08  6.87935920E-08 -5.24752500E+00  3.82162162E-06  1.93735882E-06 -5.24752500E+00  3.09565000E-06  8.38810389E-07 -5.24752500E+00  2.21379375E-05  2.34443261E-06 -5.24752500E+00  1.00809864E-04  5.67236988E-06
 -5.04950500E+00  0.00000000E+00  0.00000000E+00 -5.04950500E+00  0.00000000E+00  0.00000000E+00 -5.04950500E+00  1.63025526E-07  1.00502365E-07 -5.04950500E+00  1.04033033E-05  4.32664881E-06 -5.04950500E+00  7.30230000E-06  1.24773362E-06 -5.04950500E+00  4.97425000E-05  3.64358420E-06 -5.04950500E+00  1.87808283E-04  7.52984624E-06
 -4.85148500E+00  0.00000000E+00  0.00000000E+00 -4.85148500E+00  4.54500000E-08  4.58165323E-08 -4.85148500E+00  1.01606607E-06  4.14050422E-07 -4.85148500E+00  1.76825826E-05  6.03955126E-06 -4.85148500E+00  1.91748500E-05  2.10463674E-06 -4.85148500E+00  1.02180437E-04  5.62278968E-06 -4.85148500E+00  3.50495858E-04  1.04384326E-05
 -4.65346500E+00  0.00000000E+00  0.00000000E+00 -4.65346500E+00  1.91900000E-07  1.73946531E-07 -4.65346500E+00  3.46144895E-06  7.84836868E-07 -4.65346500E+00  3.21501502E-05  7.65649086E-06 -4.65346500E+00  4.17130000E-05  3.47522152E-06 -4.65346500E+00  1.99765375E-04  7.73136047E-06 -4.65346500E+00  6.28922741E-04  1.40281138E-05
 -4.45544600E+00  2.12184874E-08  2.13896042E-08 -4.45544600E+00  3.43400000E-07  2.26257237E-07 -4.45544600E+00  9.20904655E-06  1.18750673E-06 -4.45544600E+00  8.09819820E-05  1.06432096E-05 -4.45544600E+00  8.61984500E-05  4.52839913E-06 -4.45544600E+00  3.81748437E-04  1.09216808E-05 -4.45544600E+00  1.10105971E-03  1.95932254E-05
 -4.25742600E+00  4.54681872E-08  4.14304897E-08 -4.25742600E+00  1.06302500E-06  3.70524618E-07 -4.25742600E+00  2.41960210E-05  2.19232046E-06 -4.25742600E+00  1.71032733E-04  1.66715308E-05 -4.25742600E+00  1.88723550E-04  7.63313841E-06 -4.25742600E+00  7.29876500E-04  1.52015062E-05 -4.25742600E+00  1.89625218E-03  2.50728832E-05
 -4.05940600E+00  2.74324730E-07  1.32931135E-07 -4.05940600E+00  3.48450000E-06  8.71535709E-07 -4.05940600E+00  6.15781531E-05  3.81013228E-06 -4.05940600E+00  3.55896096E-04  2.47039837E-05 -4.05940600E+00  3.80037750E-04  1.02028832E-05 -4.05940600E+00  1.35361463E-03  2.27747516E-05 -4.05940600E+00  3.18730294E-03  3.36904782E-05
 -3.86138600E+00  1.54743397E-06  3.55964835E-07 -3.86138600E+00  1.08171000E-05  1.53662044E-06 -3.86138600E+00  1.45172335E-04  6.04817217E-06 -3.86138600E+00  7.67751652E-04  3.94536103E-05 -3.86138600E+00  7.60227000E-04  1.53941815E-05 -3.86138600E+00  2.41292788E-03  2.86534067E-05 -3.86138600E+00  5.22090143E-03  4.52392087E-05
 -3.66336600E+00  6.09273709E-06  7.99520636E-07 -3.66336600E+00  3.54181750E-05  2.63252511E-06 -3.66336600E+00  3.44150676E-04  1.01418903E-05 -3.66336600E+00  1.52980120E-03  6.12694928E-05 -3.66336600E+00  1.49212855E-03  2.44542319E-05 -3.66336600E+00  4.21724237E-03  4.10854646E-05 -3.66336600E+00  8.38486333E-03  5.81119531E-05
 -3.46534700E+00  2.21899910E-05  1.72365348E-06 -3.46534700E+00  1.05259675E-04  4.75025595E-06 -3.46534700E+00  7.77972973E-04  1.60106064E-05 -3.46534700E+00  2.78981411E-03  7.44909324E-05 -3.46534700E+00  2.86480440E-03  3.56590218E-05 -3.46534700E+00  7.17987537E-03  6.26536239E-05 -3.46534700E+00  1.31147131E-02  7.30255983E-05
 -3.26732700E+00  7.76899760E-05  3.60843542E-06 -3.26732700E+00  2.87471250E-04  8.58078278E-06 -3.26732700E+00  1.67081070E-03  2.53480004E-05 -3.26732700E+00  5.15482162E-03  1.20654584E-04 -3.26732700E+00  5.25567640E-03  4.78561417E-05 -3.26732700E+00  1.17414836E-02  8.84728136E-05 -3.26732700E+00  2.00215692E-02  9.41470465E-05
 -3.06930700E+00  2.44818907E-04  7.68393752E-06 -3.06930700E+00  7.64044800E-04  1.58173601E-05 -3.06930700E+00  3.44043382E-03  4.17073326E-05 -3.06930700E+00  9.21811532E-03  1.61975249E-04 -3.06930700E+00  9.33637940E-03  6.78133073E-05 -3.06930700E+00  1.87054462E-02  1.06730923E-04 -3.06930700E+00  2.99034381E-02  1.16542758E-04
 -2.87128700E+00  7.26843832E-04  1.43875446E-05 -2.87128700E+00  1.89259355E-03  2.82850227E-05 -2.87128700E+00  6.75108416E-03  6.26034012E-05 -2.87128700E+00  1.59632775E-02  2.18603252E-04 -2.87128700E+00  1.61192768E-02  9.71085951E-05 -2.87128700E+00  2.92020669E-02  1.39707230E-04 -2.87128700E+00  4.37139560E-02  1.57117290E-04
 -2.67326700E+00  1.97574884E-03  2.74489637E-05 -2.67326700E+00  4.41530590E-03  5.15948784E-05 -2.67326700E+00  1.27825016E-02  9.41651206E-05 -2.67326700E+00  2.68045811E-02  3.10726481E-04 -2.67326700E+00  2.67715196E-02  1.28554060E-04 -2.67326700E+00  4.43489043E-02  1.64835756E-04 -2.67326700E+00  6.24047666E-02  2.03514039E-04
 -2.47524800E+00  5.01513196E-03  5.36463989E-05 -2.47524800E+00  9.74740395E-03  8.80501919E-05 -2.47524800E+00  2.34129905E-02  1.52875416E-04 -2.47524800E+00  4.34785892E-02  4.47874403E-04 -2.47524800E+00  4.32642539E-02  1.75489006E-04 -2.47524800E+00  6.55335912E-02  2.12185637E-04 -2.47524800E+00  8.68603803E-02  2.31816378E-04
 -2.27722800E+00  1.18862587E-02  9.40316023E-05 -2.27722800E+00  2.02062999E-02  1.38050647E-04 -2.27722800E+00  4.08368364E-02  2.19433471E-04 -2.27722800E+00  6.81680544E-02  5.83617342E-04 -2.27722800E+00  6.76058145E-02  2.36551584E-04 -2.27722800E+00  9.45390174E-02  2.81264229E-04 -2.27722800E+00  1.18613130E-01  2.69829181E-04
 -2.07920800E+00  2.61254081E-02  1.67472021E-04 -2.07920800E+00  3.94996910E-02  2.09411756E-04 -2.07920800E+00  6.85757660E-02  3.08255851E-04 -2.07920800E+00  1.02708144E-01  7.57288694E-04 -2.07920800E+00  1.01945355E-01  3.05862698E-04 -2.07920800E+00  1.33096885E-01  3.34342141E-04 -2.07920800E+00  1.58544218E-01  3.18458552E-04
 -1.88118800E+00  5.31666955E-02  2.84339745E-04 -1.88118800E+00  7.26014664E-02  3.32943093E-04 -1.88118800E+00  1.10508850E-01  4.03229405E-04 -1.88118800E+00  1.49260105E-01  9.97599022E-04 -1.88118800E+00  1.49319905E-01  3.93688777E-04 -1.88118800E+00  1.82274757E-01  4.24695761E-04 -1.88118800E+00  2.07075486E-01  3.76237554E-04
 -1.68316800E+00  1.00230978E-01  4.21981102E-04 -1.68316800E+00  1.25859340E-01  4.60260552E-04 -1.68316800E+00  1.70464088E-01  5.24860308E-04 -1.68316800E+00  2.10834346E-01  1.23663950E-03 -1.68316800E+00  2.11456691E-01  4.91771762E-04 -1.68316800E+00  2.43096054E-01  4.66237306E-04 -1.68316800E+00  2.63969303E-01  4.30313126E-04
 -1.48514900E+00  1.75607988E-01  5.83743391E-04 -1.48514900E+00  2.05242181E-01  6.37356553E-04 -1.48514900E+00  2.51263186E-01  6.55126727E-04 -1.48514900E+00  2.87629195E-01  1.48673292E-03 -1.48514900E+00  2.88911359E-01  5.63522321E-04 -1.48514900E+00  3.14567953E-01  5.14910674E-04 -1.48514900E+00  3.28429351E-01  4.86841077E-04
 -1.28712900E+00  2.86134161E-01  7.88539338E-04 -1.28712900E+00  3.14275913E-01  8.15050647E-04 -1.28712900E+00  3.53090522E-01  7.93563635E-04 -1.28712900E+00  3.78832195E-01  1.77627931E-03 -1.28712900E+00  3.80419075E-01  6.36267414E-04 -1.28712900E+00  3.94610080E-01  5.73857859E-04 -1.28712900E+00  3.98292405E-01  5.52151874E-04
 -1.08910900E+00  4.32310205E-01  9.59704114E-04 -1.08910900E+00  4.51704499E-01  9.74484729E-04 -1.08910900E+00  4.73134053E-01  8.90359110E-04 -1.08910900E+00  4.79995918E-01  1.93185720E-03 -1.08910900E+00  4.81898401E-01  7.02438852E-04 -1.08910900E+00  4.79962188E-01  6.19412691E-04 -1.08910900E+00  4.70146261E-01  5.72574888E-04
 -8.91089100E-01  6.05834429E-01  1.10078428E-03 -8.91089100E-01  6.08487001E-01  1.11922632E-03 -8.91089100E-01  6.02007675E-01  9.67642053E-04 -8.91089100E-01  5.84474747E-01  2.13013633E-03 -8.91089100E-01  5.86535310E-01  7.53240588E-04 -8.91089100E-01  5.64333416E-01  6.56743786E-04 -8.91089100E-01  5.39561021E-01  5.97516014E-04
 -6.93069300E-01  7.87762495E-01  1.12050469E-03 -6.93069300E-01  7.67811029E-01  1.12147936E-03 -6.93069300E-01  7.26859474E-01  9.41919184E-04 -6.93069300E-01  6.82303862E-01  2.11466658E-03 -6.93069300E-01  6.83630186E-01  7.82306168E-04 -6.93069300E-01  6.40842103E-01  6.79767099E-04 -6.93069300E-01  6.01438747E-01  6.50774804E-04
 -4.95049500E-01  9.50383838E-01  1.04881198E-03 -4.95049500E-01  9.06477172E-01  1.01500743E-03 -4.95049500E-01  8.32135197E-01  1.00446124E-03 -4.95049500E-01  7.63376623E-01  2.03195078E-03 -4.95049500E-01  7.63302844E-01  7.76429147E-04 -4.95049500E-01  7.02431814E-01  7.11168354E-04 -4.95049500E-01  6.50652990E-01  7.10951472E-04
 -2.97029700E-01  1.06362789E+00  9.30226032E-04 -2.97029700E-01  1.00152702E+00  8.84778445E-04 -2.97029700E-01  9.03720179E-01  9.28915763E-04 -2.97029700E-01  8.17210290E-01  2.18123270E-03 -2.97029700E-01  8.15720294E-01  7.79174564E-04 -2.97029700E-01  7.41408049E-01  7.26441964E-04 -2.97029700E-01  6.82363043E-01  6.28757654E-04
 -9.90099000E-02  1.10443681E+00  8.72270884E-04 -9.90099000E-02  1.03514873E+00  8.71940014E-04 -9.90099000E-02  9.29369224E-01  8.70478341E-04 -9.90099000E-02  8.36327649E-01  2.08233457E-03 -9.90099000E-02  8.34121039E-01  7.74401448E-04 -9.90099000E-02  7.54853895E-01  7.65326995E-04 -9.90099000E-02  6.93611454E-01  6.33442248E-04
  9.90099000E-02  1.06323116E+00  9.29815092E-04  9.90099000E-02  1.00177592E+00  9.74868591E-04  9.90099000E-02  9.05091740E-01  9.12176369E-04  9.90099000E-02  8.17939644E-01  2.18413069E-03  9.90099000E-02  8.15699245E-01  7.79267945E-04  9.90099000E-02  7.41049612E-01  7.21565081E-04  9.90099000E-02  6.82975104E-01  6.39273243E-04
  2.97029700E-01  9.49866232E-01  1.11128346E-03  2.97029700E-01  9.06800745E-01  1.04834586E-03  2.97029700E-01  8.34787812E-01  9.62739792E-04  2.97029700E-01  7.65257134E-01  2.10458621E-03  2.97029700E-01  7.62548435E-01  7.71402914E-04  2.97029700E-01  7.00506742E-01  6.96913922E-04  2.97029700E-01  6.51506151E-01  6.49812797E-04
  4.95049500E-01  7.86695887E-01  1.23038656E-03  4.95049500E-01  7.67906075E-01  1.04455646E-03  4.95049500E-01  7.29122966E-01  1.03304762E-03  4.95049500E-01  6.84538449E-01  1.95654568E-03  4.95049500E-01  6.82115862E-01  7.73881192E-04  4.95049500E-01  6.38309395E-01  6.83547520E-04  4.95049500E-01  6.02578230E-01  7.49004830E-04
  6.93069300E-01  6.04698785E-01  1.12140999E-03  6.93069300E-01  6.08469086E-01  1.03703770E-03  6.93069300E-01  6.03538383E-01  1.00986007E-03  6.93069300E-01  5.85898604E-01  1.82338281E-03  6.93069300E-01  5.84299807E-01  7.58760312E-04  6.93069300E-01  5.62574072E-01  6.70552752E-04  6.93069300E-01  5.41270591E-01  6.83900290E-04
  8.91089100E-01  4.31126469E-01  9.64012764E-04  8.91089100E-01  4.51698934E-01  9.62276263E-04  8.91089100E-01  4.73804197E-01  9.58364471E-04  8.91089100E-01  4.82070331E-01  1.76089594E-03  8.91089100E-01  4.80514216E-01  7.38631765E-04  8.91089100E-01  4.78653039E-01  6.33355321E-04  8.91089100E-01  4.71990698E-01  6.02346413E-04
  1.08910900E+00  2.85302446E-01  7.61688010E-04  1.08910900E+00  3.14503610E-01  7.42388200E-04  1.08910900E+00  3.53375498E-01  8.17866893E-04  1.08910900E+00  3.80355111E-01  1.63095365E-03  1.08910900E+00  3.79612192E-01  6.62577848E-04  1.08910900E+00  3.94463138E-01  5.80468172E-04  1.08910900E+00  4.00162540E-01  5.32809557E-04
  1.28712900E+00  1.75289838E-01  5.83545843E-04  1.28712900E+00  2.05871701E-01  5.84538789E-04  1.28712900E+00  2.50782242E-01  6.30488353E-04  1.28712900E+00  2.87654005E-01  1.39012724E-03  1.28712900E+00  2.88335603E-01  5.68638963E-04  1.28712900E+00  3.14379159E-01  5.35542901E-04  1.28712900E+00  3.30082945E-01  4.83675729E-04
  1.48514900E+00  9.99548364E-02  3.87954889E-04  1.48514900E+00  1.26414590E-01  4.27678093E-04  1.48514900E+00  1.69798470E-01  4.96737403E-04  1.48514900E+00  2.09333207E-01  1.16482916E-03  1.48514900E+00  2.10967376E-01  4.82060862E-04  1.48514900E+00  2.42917890E-01  4.61629908E-04  1.48514900E+00  2.65205283E-01  4.35435337E-04
  1.68316800E+00  5.27148342E-02  2.50199564E-04  1.68316800E+00  7.28845744E-02  2.97614014E-04  1.68316800E+00  1.10042290E-01  3.79950701E-04  1.68316800E+00  1.47009231E-01  9.26150031E-04  1.68316800E+00  1.48966077E-01  3.91425140E-04  1.68316800E+00  1.82102344E-01  3.82106037E-04  1.68316800E+00  2.08182075E-01  3.91321018E-04
  1.88118800E+00  2.58104697E-02  1.53824938E-04  1.88118800E+00  3.96336196E-02  2.00207128E-04  1.88118800E+00  6.83590065E-02  2.70689005E-04  1.88118800E+00  9.99395000E-02  7.28959405E-04  1.88118800E+00  1.01699294E-01  3.12823184E-04  1.88118800E+00  1.32961141E-01  3.23775923E-04  1.88118800E+00  1.59439657E-01  3.19905207E-04
  2.07920800E+00  1.17499587E-02  9.60126230E-05  2.07920800E+00  2.03729423E-02  1.30127501E-04  2.07920800E+00  4.06950914E-02  1.94332050E-04  2.07920800E+00  6.62218480E-02  5.64353883E-04  2.07920800E+00  6.73130307E-02  2.47696893E-04  2.07920800E+00  9.45592048E-02  2.72108599E-04  2.07920800E+00  1.19318388E-01  2.63935000E-04
  2.27722800E+00  4.97554736E-03  5.19588583E-05  2.27722800E+00  9.87570930E-03  8.09724457E-05  2.27722800E+00  2.33073234E-02  1.34936436E-04  2.27722800E+00  4.27913342E-02  4.32346752E-04  2.27722800E+00  4.30859890E-02  1.98407564E-04  2.27722800E+00  6.54047657E-02  2.24173906E-04  2.27722800E+00  8.72882689E-02  2.41480728E-04
  2.47524800E+00  1.95683256E-03  2.74183111E-05  2.47524800E+00  4.50774615E-03  5.27596877E-05  2.47524800E+00  1.27395728E-02  9.09773267E-05  2.47524800E+00  2.67925399E-02  3.24959045E-04  2.47524800E+00  2.67514509E-02  1.49015354E-04  2.47524800E+00  4.41862880E-02  1.66275407E-04  2.47524800E+00  6.23982335E-02  1.86762491E-04
  2.67326700E+00  7.11446789E-04  1.45249823E-05  2.67326700E+00  1.93474843E-03  3.00682884E-05  2.67326700E+00  6.72551190E-03  6.19453939E-05  2.67326700E+00  1.60049514E-02  2.38444080E-04  2.67326700E+00  1.61105757E-02  1.10861582E-04  2.67326700E+00  2.90463312E-02  1.24234703E-04  2.67326700E+00  4.36573945E-02  1.47642795E-04
  2.87128700E+00  2.35519148E-04  7.05275914E-06  2.87128700E+00  7.76993000E-04  1.57996659E-05  2.87128700E+00  3.41581697E-03  3.99802972E-05  2.87128700E+00  9.31920631E-03  1.74832401E-04  2.87128700E+00  9.39197485E-03  7.51178918E-05  2.87128700E+00  1.85775928E-02  9.27419047E-05  2.87128700E+00  2.99539685E-02  1.17308509E-04
  3.06930700E+00  7.11349790E-05  3.28955633E-06  3.06930700E+00  2.96548625E-04  8.57703648E-06  3.06930700E+00  1.63979414E-03  2.48040742E-05  3.06930700E+00  5.30392553E-03  1.21462785E-04  3.06930700E+00  5.29430385E-03  5.11265090E-05  3.06930700E+00  1.15828063E-02  6.85048311E-05  3.06930700E+00  1.99241209E-02  9.67042229E-05
  3.26732700E+00  2.30917767E-05  1.86858426E-06  3.26732700E+00  1.11395425E-04  4.84716006E-06  3.26732700E+00  7.78378641E-04  1.61259668E-05  3.26732700E+00  2.91902132E-03  8.26856501E-05  3.26732700E+00  2.86349140E-03  3.40920506E-05  3.26732700E+00  7.05900362E-03  5.12287290E-05  3.26732700E+00  1.30017270E-02  7.30471490E-05
  3.46534700E+00  6.23520408E-06  7.50627725E-07  3.46534700E+00  4.09353000E-05  2.65161724E-06  3.46534700E+00  3.51801501E-04  1.01054967E-05  3.46534700E+00  1.57690420E-03  5.94797556E-05  3.46534700E+00  1.50181950E-03  2.20878575E-05  3.46534700E+00  4.19207444E-03  3.83393070E-05  3.46534700E+00  8.31080934E-03  5.73368913E-05
  3.66336600E+00  1.52621549E-06  3.68820077E-07  3.66336600E+00  1.48697250E-05  1.50550937E-06  3.66336600E+00  1.50590090E-04  6.27056329E-06  3.66336600E+00  8.40514114E-04  3.89115540E-05  3.66336600E+00  7.66590000E-04  1.47824267E-05  3.66336600E+00  2.40955069E-03  2.89985054E-05  3.66336600E+00  5.24431092E-03  4.54256755E-05
  3.86138600E+00  1.77325930E-07  6.66877383E-08  3.86138600E+00  4.09302500E-06  6.58927472E-07  3.86138600E+00  6.31174174E-05  3.60047136E-06  3.86138600E+00  3.95932132E-04  3.06013525E-05  3.86138600E+00  3.70781100E-04  9.77002512E-06  3.86138600E+00  1.36207969E-03  2.13460011E-05  3.86138600E+00  3.25267154E-03  3.71065041E-05
  4.05940600E+00  1.06092437E-08  1.06948021E-08  4.05940600E+00  1.02515000E-06  2.79599748E-07  4.05940600E+00  2.63911787E-05  2.11243570E-06  4.05940600E+00  1.81830330E-04  2.04416954E-05  4.05940600E+00  1.82491850E-04  6.76644235E-06  4.05940600E+00  7.32237375E-04  1.48220628E-05  4.05940600E+00  1.91486265E-03  2.65826727E-05
  4.25742600E+00  0.00000000E+00  0.00000000E+00  4.25742600E+00  2.87850000E-07  1.75300405E-07  4.25742600E+00  9.25454204E-06  1.20481397E-06  4.25742600E+00  8.44396396E-05  1.26068869E-05  4.25742600E+00  8.58954500E-05  4.86086023E-06  4.25742600E+00  3.77657937E-04  1.03680078E-05  4.25742600E+00  1.10609450E-03  1.95265669E-05
  4.45544600E+00  0.00000000E+00  0.00000000E+00  4.45544600E+00  6.31250000E-08  6.36340726E-08  4.45544600E+00  3.02924174E-06  5.83629502E-07  4.45544600E+00  3.81555556E-05  7.72220079E-06  4.45544600E+00  3.83093000E-05  3.16488757E-06  4.45544600E+00  1.89917875E-04  7.07269352E-06  4.45544600E+00  6.29941867E-04  1.50089087E-05
  4.65346500E+00  0.00000000E+00  0.00000000E+00  4.65346500E+00  0.00000000E+00  0.00000000E+00  4.65346500E+00  9.09909910E-07  3.34183401E-07  4.65346500E+00  1.88654655E-05  6.03635546E-06  4.65346500E+00  1.81042500E-05  2.09769753E-06  4.65346500E+00  9.75407500E-05  5.15274416E-06  4.65346500E+00  3.52153840E-04  1.11941902E-05
  4.85148500E+00  0.00000000E+00  0.00000000E+00  4.85148500E+00  0.00000000E+00  0.00000000E+00  4.85148500E+00  3.18468469E-07  2.72567116E-07  4.85148500E+00  8.82612613E-06  3.65184213E-06  4.85148500E+00  6.19130000E-06  1.03686623E-06  4.85148500E+00  4.92753750E-05  3.57780005E-06  4.85148500E+00  1.85693976E-04  8.12840809E-06
  5.04950500E+00  0.00000000E+00  0.00000000E+00  5.04950500E+00  0.00000000E+00  0.00000000E+00  5.04950500E+00  1.66816817E-07  1.68162114E-07  5.04950500E+00  2.12312312E-06  1.18441098E-06  5.04950500E+00  1.30290000E-06  4.14861079E-07  5.04950500E+00  2.39496250E-05  2.70286473E-06  5.04950500E+00  9.90301958E-05  5.82499014E-06
  5.24752500E+00  0.00000000E+00  0.00000000E+00  5.24752500E+00  0.00000000E+00  0.00000000E+00  5.24752500E+00  3.37424925E-07  3.40146094E-07  5.24752500E+00  0.00000000E+00  0.00000000E+00  5.24752500E+00  2.52500000E-07  1.20938631E-07  5.24752500E+00  1.15329375E-05  1.80698377E-06  5.24752500E+00  4.88344126E-05  4.26027922E-06
  5.44554500E+00  0.00000000E+00  0.00000000E+00  5.44554500E+00  0.00000000E+00  0.00000000E+00  5.44554500E+00  9.09909910E-08  9.17247893E-08  5.44554500E+00  0.00000000E+00  0.00000000E+00  5.44554500E+00  2.27250000E-07  2.00378616E-07  5.44554500E+00  3.86956250E-06  8.77150673E-07  5.44554500E+00  2.23219126E-05  2.71181961E-06
  5.64356400E+00  0.00000000E+00  0.00000000E+00  5.64356400E+00  0.00000000E+00  0.00000000E+00  5.64356400E+00  3.79129130E-09  3.82186623E-09  5.64356400E+00  0.00000000E+00  0.00000000E+00  5.64356400E+00  6.06000000E-08  6.10887097E-08  5.64356400E+00  7.82750000E-07  3.38497341E-07  5.64356400E+00  9.78057229E-06  1.86063547E-06
  5.84158400E+00  0.00000000E+00  0.00000000E+00  5.84158400E+00  0.00000000E+00  0.00000000E+00  5.84158400E+00  0.00000000E+00  0.00000000E+00  5.84158400E+00  0.00000000E+00  0.00000000E+00  5.84158400E+00  0.00000000E+00  0.00000000E+00  5.84158400E+00  3.53500000E-07  2.17768278E-07  5.84158400E+00  3.47567771E-06  9.99283761E-07
  6.03960400E+00  0.00000000E+00  0.00000000E+00  6.03960400E+00  0.00000000E+00  0.00000000E+00  6.03960400E+00  0.00000000E+00  0.00000000E+00  6.03960400E+00  0.00000000E+00  0.00000000E+00  6.03960400E+00  0.00000000E+00  0.00000000E+00  6.03960400E+00  3.78750000E-08  3.81804435E-08  6.03960400E+00  5.32379518E-07  2.50522897E-07
  6.23762400E+00  0.00000000E+00  0.00000000E+00  6.23762400E+00  0.00000000E+00  0.00000000E+00  6.23762400E+00  0.00000000E+00  0.00000000E+00  6.23762400E+00  0.00000000E+00  0.00000000E+00  6.23762400E+00  0.00000000E+00  0.00000000E+00  6.23762400E+00  0.00000000E+00  0.00000000E+00  6.23762400E+00  7.60542168E-08  7.66675572E-08
  6.43564400E+00  0.00000000E+00  0.00000000E+00  6.43564400E+00  0.00000000E+00  0.00000000E+00  6.43564400E+00  0.00000000E+00  0.00000000E+00  6.43564400E+00  0.00000000E+00  0.00000000E+00  6.43564400E+00  0.00000000E+00  0.00000000E+00  6.43564400E+00  0.00000000E+00  0.00000000E+00  6.43564400E+00  0.00000000E+00  0.00000000E+00
  6.63366300E+00  0.00000000E+00  0.00000000E+00  6.63366300E+00  0.00000000E+00  0.00000000E+00  6.63366300E+00  0.00000000E+00  0.00000000E+00  6.63366300E+00  0.00000000E+00  0.00000000E+00  6.63366300E+00  0.00000000E+00  0.00000000E+00  6.63366300E+00  0.00000000E+00  0.00000000E+00  6.63366300E+00  0.00000000E+00  0.00000000E+00
  6.83168300E+00  0.00000000E+00  0.00000000E+00  6.83168300E+00  0.00000000E+00  0.00000000E+00  6.83168300E+00  0.00000000E+00  0.00000000E+00  6.83168300E+00  0.00000000E+00  0.00000000E+00  6.83168300E+00  0.00000000E+00  0.00000000E+00  6.83168300E+00  0.00000000E+00  0.00000000E+00  6.83168300E+00  0.00000000E+00  0.00000000E+00
  7.02970300E+00  0.00000000E+00  0.00000000E+00  7.02970300E+00  0.00000000E+00  0.00000000E+00  7.02970300E+00  0.00000000E+00  0.00000000E+00  7.02970300E+00  0.00000000E+00  0.00000000E+00  7.02970300E+00  0.00000000E+00  0.00000000E+00  7.02970300E+00  0.00000000E+00  0.00000000E+00  7.02970300E+00  0.00000000E+00  0.00000000E+00
  7.22772300E+00  0.00000000E+00  0.00000000E+00  7.22772300E+00  0.00000000E+00  0.00000000E+00  7.22772300E+00  0.00000000E+00  0.00000000E+00  7.22772300E+00  0.00000000E+00  0.00000000E+00  7.22772300E+00  0.00000000E+00  0.00000000E+00  7.22772300E+00  0.00000000E+00  0.00000000E+00  7.22772300E+00  0.00000000E+00  0.00000000E+00
  7.42574300E+00  0.00000000E+00  0.00000000E+00  7.42574300E+00  0.00000000E+00  0.00000000E+00  7.42574300E+00  0.00000000E+00  0.00000000E+00  7.42574300E+00  0.00000000E+00  0.00000000E+00  7.42574300E+00  0.00000000E+00  0.00000000E+00  7.42574300E+00  0.00000000E+00  0.00000000E+00  7.42574300E+00  0.00000000E+00  0.00000000E+00
  7.62376200E+00  0.00000000E+00  0.00000000E+00  7.62376200E+00  0.00000000E+00  0.00000000E+00  7.62376200E+00  0.00000000E+00  0.00000000E+00  7.62376200E+00  0.00000000E+00  0.00000000E+00  7.62376200E+00  0.00000000E+00  0.00000000E+00  7.62376200E+00  0.00000000E+00  0.00000000E+00  7.62376200E+00  0.00000000E+00  0.00000000E+00
  7.82178200E+00  0.00000000E+00  0.00000000E+00  7.82178200E+00  0.00000000E+00  0.00000000E+00  7.82178200E+00  0.00000000E+00  0.00000000E+00  7.82178200E+00  0.00000000E+00  0.00000000E+00  7.82178200E+00  0.00000000E+00  0.00000000E+00  7.82178200E+00  0.00000000E+00  0.00000000E+00  7.82178200E+00  0.00000000E+00  0.00000000E+00
  8.01980200E+00  0.00000000E+00  0.00000000E+00  8.01980200E+00  0.00000000E+00  0.00000000E+00  8.01980200E+00  0.00000000E+00  0.00000000E+00  8.01980200E+00  0.00000000E+00  0.00000000E+00  8.01980200E+00  0.00000000E+00  0.00000000E+00  8.01980200E+00  0.00000000E+00  0.00000000E+00  8.01980200E+00  0.00000000E+00  0.00000000E+00
  8.21782200E+00  0.00000000E+00  0.00000000E+00  8.21782200E+00  0.00000000E+00  0.00000000E+00  8.21782200E+00  0.00000000E+00  0.00000000E+00  8.21782200E+00  0.00000000E+00  0.00000000E+00  8.21782200E+00  0.00000000E+00  0.00000000E+00  8.21782200E+00  0.00000000E+00  0.00000000E+00  8.21782200E+00  0.00000000E+00  0.00000000E+00
  8.41584200E+00  0.00000000E+00  0.00000000E+00  8.41584200E+00  0.00000000E+00  0.00000000E+00  8.41584200E+00  0.00000000E+00  0.00000000E+00  8.41584200E+00  0.00000000E+00  0.00000000E+00  8.41584200E+00  0.00000000E+00  0.00000000E+00  8.41584200E+00  0.00000000E+00  0.00000000E+00  8.41584200E+00  0.00000000E+00  0.00000000E+00
  8.61386100E+00  0.00000000E+00  0.00000000E+00  8.61386100E+00  0.00000000E+00  0.00000000E+00  8.61386100E+00  0.00000000E+00  0.00000000E+00  8.61386100E+00  0.00000000E+00  0.00000000E+00  8.61386100E+00  0.00000000E+00  0.00000000E+00  8.61386100E+00  0.00000000E+00  0.00000000E+00  8.61386100E+00  0.00000000E+00  0.00000000E+00
  8.81188100E+00  0.00000000E+00  0.00000000E+00  8.81188100E+00  0.00000000E+00  0.00000000E+00  8.81188100E+00  0.00000000E+00  0.00000000E+00  8.81188100E+00  0.00000000E+00  0.00000000E+00  8.81188100E+00  0.00000000E+00  0.00000000E+00  8.81188100E+00  0.00000000E+00  0.00000000E+00  8.81188100E+00  0.00000000E+00  0.00000000E+00
  9.00990100E+00  0.00000000E+00  0.00000000E+00  9.00990100E+00  0.00000000E+00  0.00000000E+00  9.00990100E+00  0.00000000E+00  0.00000000E+00  9.00990100E+00  0.00000000E+00  0.00000000E+00  9.00990100E+00  0.00000000E+00  0.00000000E+00  9.00990100E+00  0.00000000E+00  0.00000000E+00  9.00990100E+00  0.00000000E+00  0.00000000E+00
  9.20792100E+00  0.00000000E+00  0.00000000E+00  9.20792100E+00  0.00000000E+00  0.00000000E+00  9.20792100E+00  0.00000000E+00  0.00000000E+00  9.20792100E+00  0.00000000E+00  0.00000000E+00  9.20792100E+00  0.00000000E+00  0.00000000E+00  9.20792100E+00  0.00000000E+00  0.00000000E+00  9.20792100E+00  0.00000000E+00  0.00000000E+00
  9.40594100E+00  0.00000000E+00  0.00000000E+00  9.40594100E+00  0.00000000E+00  0.00000000E+00  9.40594100E+00  0.00000000E+00  0.00000000E+00  9.40594100E+00  0.00000000E+00  0.00000000E+00  9.40594100E+00  0.00000000E+00  0.00000000E+00  9.40594100E+00  0.00000000E+00  0.00000000E+00  9.40594100E+00  0.00000000E+00  0.00000000E+00
  9.60396000E+00  0.00000000E+00  0.00000000E+00  9.60396000E+00  0.00000000E+00  0.00000000E+00  9.60396000E+00  0.00000000E+00  0.00000000E+00  9.60396000E+00  0.00000000E+00  0.00000000E+00  9.60396000E+00  0.00000000E+00  0.00000000E+00  9.60396000E+00  0.00000000E+00  0.00000000E+00  9.60396000E+00  0.00000000E+00  0.00000000E+00
  9.80198000E+00  0.00000000E+00  0.00000000E+00  9.80198000E+00  0.00000000E+00  0.00000000E+00  9.80198000E+00  0.00000000E+00  0.00000000E+00  9.80198000E+00  0.00000000E+00  0.00000000E+00  9.80198000E+00  0.00000000E+00  0.00000000E+00  9.80198000E+00  0.00000000E+00  0.00000000E+00  9.80198000E+00  0.00000000E+00  0.00000000E+00
