3
       348382222	       860953159
         6874055	         6919844
       172456257	       176819489
        22221256	       252465622
        22226345	        26015364
        26270105	       252777216
        26265016	        27887730
        12397396	        23858223
        12407680	        15175533
        12405428	        15173452
        12393761	        23851443
        11235411	        20007752
        11229512	        20001491
         5000000	         9409947
(0,331) x (0,2)
[ (-0.8278982395844542) (0.3879833144069443) (-0.3480167468527559) 
  (-0.8075224187042552) (0.3931855249837658) (-0.3667822516201634) 
  (-0.8310270556056651) (0.4102161157252574) (-0.3587169216652433) 
  (-0.747341493106556) (0.4498939071682749) (-0.4504124102017959) 
  (-0.6535064296900481) (0.4041515048799975) (-0.5111308196341723) 
  (-0.692657386884124) (0.4237817005628219) (-0.4947426847798568) 
  (-0.7060550194314198) (0.4966873361590857) (-0.4912422339409134) 
  (-0.8005077893779322) (0.50761848706798) (-0.4508739732412538) 
  (-0.8416372991430169) (0.5224623789989644) (-0.4486281153698597) 
  (-0.8368773581852021) (0.4887206276273604) (-0.4776001038636882) 
  (-0.8081869997080997) (0.559388189569991) (-0.4356774006635662) 
  (-0.776516611239575) (0.5532306434495917) (-0.4610587670493082) 
  (-0.7687163259320923) (0.5765276108296974) (-0.4552726116284578) 
  (-0.8175174841394416) (0.5197283451042958) (-0.4565557015484381) 
  (-0.8320545450200225) (0.50843074119141) (-0.5209085158226308) 
  (-0.7885509149759806) (0.4999564455668598) (-0.5660563513666863) 
  (-0.8108899818970542) (0.5027081445159528) (-0.5596683571806582) 
  (-0.846455323690041) (0.4614544068366275) (-0.5500568341768444) 
  (-0.9255925314099556) (0.4394885790011204) (-0.5026707407791816) 
  (-0.8514953023734562) (0.4968154485560392) (-0.4665610151781245) 
  (-0.8709082327603478) (0.3979245030644968) (-0.4269399075483601) 
  (-0.8761526521815634) (0.4250979318758973) (-0.4255010438243035) 
  (-0.8621565269859146) (0.3328825741261904) (-0.4725508099746756) 
  (-0.8654474112452917) (0.2878037542466922) (-0.5043675471512783) 
  (-0.8624754122761357) (0.3058932300740497) (-0.5422049721107135) 
  (-0.8803554051160739) (0.2719861468842443) (-0.5314150357642144) 
  (-0.9069663051530293) (0.2459377573610378) (-0.5274939958639171) 
  (-0.8872362244951358) (0.2571615817126584) (-0.5687759432892536) 
  (-0.9373365647557217) (0.1712617222668609) (-0.4993738329535871) 
  (-1.011735173993286) (0.1369852547184501) (-0.5207628754926857) 
  (-0.9793086376873988) (0.1603830572096005) (-0.5662411313104341) 
  (-0.9977739593126762) (0.1543436547508513) (-0.4913060128755087) 
  (-1.003261614748864) (0.1968122380890687) (-0.5287093688757714) 
  (-0.9732612583187679) (0.2015143352999627) (-0.5116669109268086) 
  (-0.9259847957489845) (0.1693733982217242) (-0.5576938777364475) 
  (-0.9539802631244497) (0.165985816017553) (-0.6257611190756251) 
  (-0.8785961209515203) (0.183177930843555) (1.046925292289986) 
  (-0.915431766998161) (0.1800394371287117) (1.021775585262114) 
  (-0.9106704114347992) (0.1918271179023212) (1.056300808799387) 
  (-0.9529558948395621) (0.1965274587909366) (1.021478513853691) 
  (-0.9499486302089579) (0.1450788016572985) (1.081126138494867) 
  (-0.9990965180662342) (0.1459898343931325) (1.118867138904952) 
  (-1.017330651113092) (0.09604307165672166) (1.126875394532965) 
  (-0.9741004273809051) (0.03632299664457644) (1.07758840888093) 
  (-0.9124856817182818) (0.01122870048323227) (1.145749830374019) 
  (-0.9571957473559315) (0.0194150901937216) (1.153566559700589) 
  (-0.931640324632831) (0.0765278563846736) (-7.979421643540263) 
  (-0.8821439769055637) (0.05233539121656193) (1.060976394713098) 
  (-0.858401158663877) (0.03424323429266002) (1.011131904241921) 
  (-0.8063462892439665) (-0.0118095401103625) (6.136918635403218) 
  (-0.8251420751800621) (-0.02537755313622912) (6.171741139446485) 
  (-0.8074771630599258) (0.04035771769648951) (6.203131158245121) 
  (-0.7926930405584809) (0.007647516743037187) (-2.455002188047733) 
  (-0.8320817465543642) (0.05025760875970041) (-2.48306309835395) 
  (-0.8760325704827372) (0.03834889061953192) (-2.551394299949719) 
  (-0.8615383391960544) (-0.03152171759312881) (-0.1937113224436237) 
  (-0.8396844254814007) (0.03230461368317578) (-0.2390069484703378) 
  (-0.8585240096752146) (0.1095078296800875) (-0.2382548664339802) 
  (-0.9415844928927888) (0.07735810610702423) (9.253762974403799) 
  (-0.9785624011203792) (0.09170688845509112) (9.320856715588913) 
  (-0.9331436637914965) (0.0124144102044567) (9.330737090797895) 
  (-0.9545125432540759) (-0.03527768655371473) (9.337767470198184) 
  (-0.8641862454617278) (0.008568666967827827) (9.309595033417922) 
  (-0.9057557700505631) (-0.01833170243711025) (9.331152859872605) 
  (-0.9357104632511555) (0.04001732588894438) (-7.045445679686964) 
  (-0.9302633688768319) (0.06338738473240874) (-7.069786737424113) 
  (-0.9168948008674981) (0.02968088112879427) (0.1917937817052007) 
  (-0.9262149805197448) (0.08111305438027672) (0.2082321473629319) 
  (-0.9125511012233239) (0.02908471165488256) (0.1640271425067662) 
  (-0.9399468988636932) (0.07382283231310163) (0.1019511413293104) 
  (-0.9101275481702156) (0.09399267678726578) (0.1744588935408288) 
  (-0.927714872542984) (0.04523202870307268) (-0.3753826484436051) 
  (-0.8820787726414763) (0.03013526505188007) (-0.4536675894632936) 
  (-0.9147980429193341) (0.05491576275309847) (-0.3782135784255647) 
  (-0.9392107216622545) (0.0522931278238752) (-0.4388052999895246) 
  (-0.8921524975313944) (0.0119523815949916) (-0.4272443187212064) 
  (-0.9320277330124556) (0.04290701201200513) (-0.4003911906670986) 
  (-1.015638585921043) (0.06456142613198067) (-0.3874827337120552) 
  (-1.07483333001459) (0.1334257294410919) (-0.4977906308368141) 
  (-1.031474297108975) (0.2040949471629871) (-0.4383177409937598) 
  (-1.012408222269542) (0.1786541462017077) (-0.3756581145126204) 
  (-0.966744250996265) (0.1601433219995594) (-0.3163044667244962) 
  (-0.987880929626039) (0.09056792898591827) (-6.744313463568687) 
  (-1.044746503184996) (0.1349371108885034) (-6.752548623664956) 
  (-1.086405351293261) (0.1293786222899874) (-6.768228941298176) 
  (-1.050999814806572) (0.1392435232612403) (-6.828031924093883) 
  (-0.9449309016222605) (0.1531896921500919) (-1.125547094270587) 
  (-0.9098349939083918) (0.2181234878427323) (-1.123989419727095) 
  (-0.9949511917059709) (0.3152825246710015) (-1.085909149849812) 
  (-0.9628427806326346) (0.2662764340634536) (-0.9641035065513652) 
  (-0.8816795239900225) (0.2197606652770729) (-6.756353441197398) 
  (-0.8456802329528139) (0.2183261557199815) (-6.773427097503891) 
  (0.1986923549646924) (-0.843155675606196) (-6.757193177202193) 
  (0.2981307375538502) (-0.7869098763589741) (-6.728249756526701) 
  (0.3129327544875802) (-0.7509461240818845) (-6.737289410800962) 
  (0.3347027383791656) (-0.6972699178645817) (-6.776445685188351) 
  (0.2937811349110813) (-0.6440868665574274) (-6.751004082832122) 
  (0.3272457844987854) (-0.59010585064028) (-6.731589576497739) 
  (0.3254247026998861) (-0.4724063072721624) (-6.695067963366785) 
  (0.33922713079985) (-0.5187555151681105) (-6.769304797916279) 
  (0.291530898665644) (-0.5068567618305341) (-1.133799576200545) 
  (0.2413441929791049) (-0.5438179507353469) (-1.107032411511356) 
  (0.2783502008829055) (-0.5033758364963773) (-1.121717637270937) 
  (0.2368624119075677) (-0.4829831139878653) (-1.167925720703733) 
  (0.2078085427957238) (-0.5156863497467593) (-1.14037953008056) 
  (0.09798797645755539) (-0.6155863015716017) (-6.591666421304467) 
  (0.1522944583776506) (-0.5464390558221883) (-6.623557781775507) 
  (0.112212560537241) (-0.6046594188520449) (-6.586951121875628) 
  (0.0992298384370172) (-0.6316708356430862) (-6.607204268898762) 
  (0.07374780605399459) (-0.5992015220499752) (-6.584779267517105) 
  (0.1046691535975973) (-0.6219048801503768) (-6.634310051806784) 
  (0.0828771226477987) (-0.5720634246883595) (-6.655787058746379) 
  (0.09410241323812424) (-0.5485725716869186) (-6.603799629882776) 
  (0.1486983149806322) (-0.5396470111181625) (-6.646271388244409) 
  (0.1594295608065776) (-0.5606674766985862) (-6.63210356628779) 
  (0.1897282536994065) (-0.5388391114532276) (-6.592542476991301) 
  (0.1531091495050816) (-0.6157633778086796) (-6.589923594454664) 
  (-0.5868385662686036) (0.2418122065943179) (-6.58692579433484) 
  (-0.5971957506909913) (0.2733339481266654) (-5.925459116697311) 
  (-0.6668147774489627) (0.1824288262077459) (-5.944332552812498) 
  (-0.6760938426085089) (0.1930058611315457) (-5.953637369029498) 
  (-0.7203418945912028) (0.2211862422593771) (-5.957379747449603) 
  (-0.7062245287699058) (0.2408334592885837) (-5.977709906498173) 
  (-0.7331863638995678) (0.2094373906566351) (-6.000760693599203) 
  (-0.7052469193462949) (0.161558637264693) (-5.948449714567956) 
  (-0.7749005393671657) (0.1798792630069665) (-6.023149002927156) 
  (-0.7951879698604679) (0.1441530559356478) (-5.964953509456742) 
  (-0.7636088503186187) (0.1406261713616291) (-5.951977408498437) 
  (-0.7557533122776398) (0.152837560525868) (-6.011863415243736) 
  (-0.6975951302884645) (0.1034578767698849) (-6.021398241491576) 
  (-0.702275156264478) (0.09684323936731788) (-5.965977158716064) 
  (0.1328700231300799) (-0.7293085916732938) (-5.978060239977437) 
  (0.1806335787371499) (-0.7478016206083262) (-5.973982734991896) 
  (0.1955512206100731) (-0.8395758771499888) (-5.961849089130254) 
  (0.1145567579700195) (-0.9011821511172164) (-5.987368403283846) 
  (0.09359727239097894) (-0.8645175486609979) (-5.971420693406693) 
  (0.06614338621658793) (-0.7780515642742677) (-5.948829586817323) 
  (0.01349353490051283) (-0.6822227421352207) (-6.001307268579795) 
  (-0.03333679288607477) (-0.6255044088295107) (-5.966207283954161) 
  (-0.02868561779227499) (-0.6634574315178082) (-5.96786093501168) 
  (-0.1022178436724358) (-0.6308263407683066) (-5.934003908387478) 
  (-0.04699776015402972) (-0.5995303546406616) (-5.916428248406022) 
  (-0.02548426246078571) (-0.6343762931734437) (-5.978956939691312) 
  (-0.03402626794934364) (-0.6079756335632734) (-6.00508787160625) 
  (-0.1271626432145674) (-0.6271789048516802) (-6.029067696772069) 
  (-0.1069811833047495) (-0.6654084613532136) (-6.0363338334654) 
  (-0.1278104506898024) (-0.657791772029122) (-6.0053781704946) 
  (-0.1314532044575349) (-0.5975632599264701) (-6.064764089370906) 
  (-0.09968162304051595) (-0.5616205997168751) (-6.000977529371618) 
  (-0.100951784465394) (-0.5251625421373519) (-5.966702105087266) 
  (-0.1147667178612246) (-0.479728175728213) (-5.937356786443626) 
  (-0.1382151537881013) (-0.4770896988110713) (-5.885145728893323) 
  (-0.1297569706915059) (-0.4264976499122824) (-5.859824735092507) 
  (-0.1679434107204221) (-0.4786222754275585) (-5.869127293501042) 
  (-0.1458268564920316) (-0.4430674478823909) (-5.940901606492848) 
  (-0.1006394587415201) (-0.4883313864784186) (1.605257800195034) 
  (-0.1146357499422097) (-0.4859276590465958) (1.561792380516162) 
  (-0.09997999889462682) (-0.5027055018311422) (1.551720429456836) 
  (-0.1128657537993568) (-0.3962031287272499) (1.531600819624188) 
  (-0.1511561458277647) (-0.4185061780528749) (1.491246024820885) 
  (-0.2404992949747772) (-0.4586116466927795) (1.458165179101794) 
  (-0.2087509596012304) (-0.5535588484182959) (1.425705834627814) 
  (-0.1924863675124033) (-0.5129609350638448) (1.387596634220776) 
  (-0.1807759015365065) (-0.4880542979098451) (1.365290948789676) 
  (-0.05350839723061958) (-0.5092086722809244) (1.358050950053312) 
  (-0.1081455361036177) (-0.4713904999812342) (1.370103928426893) 
  (-0.1397997227093515) (-0.5129898991731127) (1.410645990414984) 
  (-0.08298809726056537) (-0.4752036900815893) (1.460187296459803) 
  (-0.05779239739092137) (-0.420286636893868) (1.468352674567668) 
  (0.001018204019780436) (-0.3833676846407764) (1.379048055539652) 
  (0.03343685454550729) (-0.3820561288405682) (1.38016693248394) 
  (-0.003915828426573221) (-0.4780037961303814) (1.400308582051315) 
  (0.0479380269229694) (-0.4783763453953629) (1.367665655821036) 
  (0.04016581434352636) (-0.511091352498482) (1.376963512059406) 
  (0.08828475399774736) (-0.522365105478962) (1.403800797196921) 
  (0.08167027592869168) (-0.5563328337691983) (1.487514480689989) 
  (0.0260173467918023) (-0.5366833845211023) (1.406419828631011) 
  (-0.008487055953392234) (-0.6382307874480327) (1.469639300221468) 
  (-0.06329694921543058) (-0.650027160144086) (3.267498021302004) 
  (-0.1148439483450614) (-0.6525009519118615) (3.28968473070515) 
  (-0.1206075338204311) (-0.6637160117971718) (3.273103718832318) 
  (-0.1016529461473396) (-0.7287169367716031) (3.296132000769833) 
  (-0.1351931240361045) (-0.644671399475252) (3.264052008532537) 
  (-0.1755383543890777) (-0.6772987796526561) (3.249179278073912) 
  (-0.1860743700484968) (-0.7581949424165638) (3.273672140789633) 
  (-0.1320247142482989) (-0.6915693116496996) (3.354381992906633) 
  (-0.1915603626734449) (-0.710357186257553) (3.423238859578904) 
  (-0.1394912418046523) (-0.830879096902961) (3.388783860982269) 
  (-0.1314801585745924) (-0.876675100762492) (3.453175279214371) 
  (-0.08666831902829153) (-0.9288861910888463) (3.486422623167746) 
  (-0.04222838772397069) (-0.8940471152197317) (4.408780885860324) 
  (-0.0364532327840974) (-0.9194407480837742) (4.456208087121733) 
  (-0.03196872257913886) (-0.9428981903241609) (-7.312737451866269) 
  (-0.04984846890935041) (-0.9138112930227288) (-7.270607694316115) 
  (-0.0351622864528913) (-0.9002637805839281) (-7.321260143704556) 
  (-0.01593919860640191) (-0.8740991550621711) (-7.262858668432873) 
  (0.01978159134220225) (-0.878054816263651) (-7.287129183436639) 
  (0.09105243083759992) (-0.811857502549299) (-7.319702035752606) 
  (0.06838918763666881) (-0.7638805272621108) (-7.35759233208173) 
  (0.1217893947245917) (-0.749643281663068) (-7.393524771225334) 
  (0.08535223520801008) (-0.7282763141819431) (-7.452754271565058) 
  (0.1119028311812246) (-0.6809057738550938) (-7.426654971276204) 
  (0.04465562123170497) (-0.606863071129925) (0.2770195016637444) 
  (0.09827738725986684) (-0.5648623671762787) (0.1955581857481886) 
  (0.1580264359494044) (-0.5457759123080533) (0.2083141788540206) 
  (0.1752108661419781) (-0.5372670637952728) (0.1339800971870918) 
  (0.1818078111588277) (-0.6157803202883684) (0.1889074605591869) 
  (0.09796370788466469) (-0.6587201661732331) (0.1556763992629223) 
  (-0.03317479197314301) (-0.6497367589031589) (0.2079879749718991) 
  (-0.1240441588923157) (-0.6032366183720461) (0.1811855736794165) 
  (-0.1067580629173577) (-0.5978106922129187) (0.2102756730316274) 
  (-0.08352936452709629) (-0.5915117156366158) (0.2266328706280197) 
  (-0.1012258360853105) (-0.598028250326881) (0.2241824755266027) 
  (-0.02066311102454843) (-0.6273783123955173) (0.2332856616181198) 
  (-0.07168271252220469) (-0.5765837765364636) (0.1973486174062371) 
  (-0.1066468005960209) (-0.5525767519675558) (0.2345615494130164) 
  (-0.03631323364492653) (-0.6029066031929099) (0.227759917749039) 
  (-0.03127073326762685) (-0.5668896037638336) (0.1457518677108089) 
  (0.0404576553082189) (-0.575318335555707) (0.09971629837088539) 
  (0.07901887568889537) (-0.5500439206850979) (0.06954953544198608) 
  (0.1148354126161002) (-0.5531706947705979) (0.1036130935944333) 
  (0.1294345705868342) (-0.5182756878766814) (0.1087853313875987) 
  (0.08595317682617956) (-0.5132246346197953) (0.153940369729365) 
  (0.1230243206139071) (-0.5025321585306879) (0.2169978663393611) 
  (0.1506352353856766) (-0.5152697927513146) (0.2294604348872073) 
  (0.1474491206380285) (-0.5483170510227561) (0.2719875398199918) 
  (0.1449560785407311) (-0.5609781470359386) (0.2301979020255194) 
  (0.0835259739409315) (-0.5457614571084057) (0.1974801387472642) 
  (0.1336542227856947) (-0.5869185746087314) (0.226467186853682) 
  (0.1212546798735097) (-0.5581532987912613) (0.2308785164811447) 
  (0.1143687183502174) (-0.5589416774435173) (0.3295067853026354) 
  (0.09690864544562203) (-0.5064690176899763) (0.3703789556312064) 
  (0.07022519596434101) (-0.4657096950848747) (0.3922303541303501) 
  (0.09327549910482659) (-0.4596696294322177) (0.4610879738245156) 
  (0.1051569806375107) (-0.4473730165482347) (0.4247426688536576) 
  (0.02762587771966217) (-0.3946353861173449) (0.4297770004158231) 
  (0.03332411043163078) (-0.3943885497219543) (0.3633589941055334) 
  (0.09898980453487211) (-0.4186705956179334) (0.4156617707005713) 
  (0.08141172994821234) (-0.4073232556341733) (0.4831127781281099) 
  (0.07936071732059601) (-0.4569044710725848) (0.5311771448446532) 
  (0.1308745223465189) (-0.4623282294242575) (0.5580560296015369) 
  (0.1518733467871545) (-0.4943958923134265) (0.5460836960871036) 
  (0.1606868615391872) (-0.5366993492428459) (0.5357860837139474) 
  (0.1771277076103288) (-0.4958085828754354) (0.5421938599757906) 
  (0.2335775640882118) (-0.5115864703560012) (8.679366121068597) 
  (0.2467871925705894) (-0.5364163212214407) (8.709058348800038) 
  (0.2675169646308581) (-0.582473488081791) (0.7363008222006062) 
  (0.2533106170684758) (-0.5830218936352024) (0.6701759106425828) 
  (0.3242213820469173) (-0.6822412446216188) (0.6617776904747175) 
  (0.2920683934703103) (-0.7123227183798392) (0.7878975476536305) 
  (0.2575005055132102) (-0.64514972533097) (-0.07662602234631777) 
  (0.2478251748505732) (-0.5916730762859469) (0.04174683318524788) 
  (0.2627364171960829) (-0.5843081373919241) (0.07936072968769359) 
  (0.2633174790359131) (-0.6059183331546696) (0.1250649535741471) 
  (0.3148865846985732) (-0.5927907628732604) (0.1699967837879819) 
  (0.2853886969644321) (-0.6274270144856552) (0.1509177096603247) 
  (0.21746284184333) (-0.5925814377816534) (0.1778528795070937) 
  (0.1801440308403634) (-0.6021553281703028) (0.1661692923227787) 
  (0.2063255915855858) (-0.5716515893537669) (0.1745323433816578) 
  (0.174143827190928) (-0.5468828594249332) (0.1764234255980562) 
  (0.2243989439398761) (-0.5451518196355014) (0.1666519715098997) 
  (0.1227046669354742) (-0.4819575813126328) (0.09388878475498401) 
  (0.2014806733652863) (-0.4603512001078793) (0.1120803911117039) 
  (0.3104839171926201) (-0.479219787152498) (0.1580731418786554) 
  (0.2698667809876293) (-0.506060540950409) (9.854898969642818) 
  (0.2581594318266786) (-0.540819496596309) (9.84463729753317) 
  (0.2528531002394303) (-0.5704779655311997) (9.785619916492788) 
  (0.2721127670414747) (-0.5565334628144366) (9.742264170144978) 
  (0.2596994912650334) (-0.6239045545757469) (9.730110673860052) 
  (0.1796891342901452) (-0.6219704606028288) (9.805266471697418) 
  (0.2063581771855101) (-0.5801966464453733) (9.772640629923874) 
  (0.22702626678393) (-0.5699221029890704) (9.766815217035857) 
  (0.1778064524825833) (-0.5214574902249187) (9.779161927453419) 
  (0.2284852156712634) (-0.6282248270265548) (9.85034711294705) 
  (0.3211172659222869) (-0.7402446165840294) (9.809806135378198) 
  (0.2692204559585298) (-0.8146160564254924) (9.824745802521502) 
  (0.2534531956333703) (-0.7233093277501489) (9.879814465677581) 
  (0.2609327940815165) (-0.6973206643691354) (9.853325325391241) 
  (0.2339185493316421) (-0.6803751710783643) (9.833118710183495) 
  (0.2709115117122343) (-0.7128418800425967) (9.902888303320099) 
  (0.2690507470317912) (-0.6923939302732773) (9.978045764886058) 
  (0.3028509205677817) (-0.7293183984077188) (-0.01854346578576627) 
  (0.3556391774471424) (-0.7350485912023644) (-0.005021715744206923) 
  (0.3748904731275767) (-0.7294124669381314) (-0.003987774127505822) 
  (0.3376448921825937) (-0.6466527880694342) (0.01419137281893411) 
  (0.3541710333415972) (-0.6660105281418904) (-0.005811675365377501) 
  (0.4130932590906305) (-0.7103479184517251) (-0.01581011516631193) 
  (0.3086902105861791) (-0.5931990145230402) (-0.01320402520479507) 
  (0.2619631591046577) (-0.4841363389199677) (-0.006970343079537391) 
  (0.223831668897914) (-0.5249599237652018) (0.05273088681979772) 
  (0.2220797038641361) (-0.4771906738643652) (0.06475019714127869) 
  (0.2065457617643863) (-0.4900911006607608) (0.06807483461013859) 
  (0.218520737560172) (-0.4929092852581609) (0.0569666148984234) 
  (0.1828587719784599) (-0.5178926382339545) (0.1176275540497234) 
  (0.2375935643259902) (-0.4990793507397988) (0.159858973735432) 
  (0.2571030427150962) (-0.5298671301026033) (0.1741493948534558) 
  (0.3189039929024195) (-0.4972050587082573) (0.1910264468641138) 
  (0.3624434907262313) (-0.4557022721461716) (0.2311290284104852) 
  (0.3990973510940869) (-0.4542738762773635) (0.2328068143730913) 
  (0.4277929385444963) (-0.4181677316269138) (0.2516375030196628) 
  (0.3729921115402015) (-0.4514695495225588) (0.01027883704828671) 
  (0.390080023934451) (-0.4559555717219355) (0.0566863218421735) 
  (0.4408277544448139) (-0.4604272291064865) (0.07128602869136645) 
  (0.4416548526964935) (-0.5532660475348139) (0.02870624697323399) 
  (0.3556393038181656) (-0.5223035345566427) (0.09068494675433762) 
  (0.390557823761762) (-0.6093288991149496) (0.1030901678466614) 
  (0.3860909271696626) (-0.6269081896116473) (0.1154861179695025) 
  (0.3731832063214652) (-0.6595231896385785) (0.1135615619785421) 
  (0.3890542964180603) (-0.6457160257033049) (-0.4646428069099784) 
  (0.4434278724632992) (-0.5954683454482023) (-0.4995621598649) 
  (0.3988694284581414) (-0.6006454528098185) (-0.5070194990531907) 
  (0.4463958126965137) (-0.6614613819962192) (-0.5398539099643295) 
  (0.4242625195898104) (-0.7112705166415526) (-0.4422084812187538) 
  (0.379756353733879) (-0.6137247721179286) (-0.4863549508667302) 
  (0.3221228706095597) (-0.5969399637593238) (-0.3927678074902603) 
  (0.3496916774781372) (-0.6798680644090931) (-0.3932099917028134) 
  (0.4047469759983335) (-0.6364949046939806) (-0.3653268058501548) 
  (0.3327185466261858) (-0.5800208709599987) (-0.4631505274441768) 
  (0.3229963643440226) (-0.6096709562690601) (-0.4598614526731009) 
  (0.339169906614431) (-0.6619773223624857) (-0.501956537353045) 
  (0.3961651384053344) (-0.6784912126060358) (-0.4971389141123019) 
  (0.420917467273251) (-0.725919050362713) (-0.4562065483084558) 
  (0.3881042080263928) (-0.7127332801930677) (-0.4850655478290111) 
  (0.4447747346886931) (-0.7807120969485227) (-0.4401300432529549) 
  (0.4580224046767203) (-0.8534628569870697) (-0.4122086370719961) 
  (-0.845493373566422) (0.4022425733864248) (-0.3978065157839432) 
  (-0.8875371563055046) (0.3917207405047763) (-0.3521557666628726) 
  (-0.9619357730152659) (0.4077288231413731) (-0.3500489250263256) 
  (-0.9138728613609565) (0.3960264523072689) (-0.3512523065953983) 
  (-0.7962974573728808) (0.3573464760527158) (-0.3516011909363581) 
  (-0.7791632084357292) (0.3354393062002058) (-0.2948632908173244) 
  (-0.8015533730149873) (0.3853301551578295) (-0.348380355542551) ]

(0,331) x (0,2)
[ (1,0) (1,1) (-1,-1) 
  (2,0) (2,1) (-1,-1) 
  (3,0) (3,1) (-1,-1) 
  (4,0) (4,1) (-1,-1) 
  (5,0) (5,1) (-1,-1) 
  (6,0) (6,1) (-1,-1) 
  (7,0) (7,1) (-1,-1) 
  (8,0) (8,1) (-1,-1) 
  (9,0) (9,1) (-1,-1) 
  (10,0) (10,1) (-1,-1) 
  (11,0) (11,1) (-1,-1) 
  (12,0) (12,1) (-1,-1) 
  (13,0) (13,1) (-1,-1) 
  (14,0) (14,1) (-1,-1) 
  (15,0) (15,1) (-1,-1) 
  (16,0) (16,1) (-1,-1) 
  (17,0) (17,1) (-1,-1) 
  (18,0) (18,1) (-1,-1) 
  (19,0) (19,1) (-1,-1) 
  (20,0) (20,1) (-1,-1) 
  (21,0) (21,1) (-1,-1) 
  (22,0) (22,1) (-1,-1) 
  (23,0) (23,1) (-1,-1) 
  (24,0) (24,1) (-1,-1) 
  (25,0) (25,1) (-1,-1) 
  (26,0) (26,1) (-1,-1) 
  (27,0) (27,1) (-1,-1) 
  (28,0) (28,1) (-1,-1) 
  (29,0) (29,1) (-1,-1) 
  (30,0) (30,1) (-1,-1) 
  (31,0) (31,1) (-1,-1) 
  (32,0) (32,1) (-1,-1) 
  (33,0) (33,1) (-1,-1) 
  (34,0) (34,1) (-1,-1) 
  (35,0) (35,1) (-1,-1) 
  (36,0) (36,1) (-1,-1) 
  (37,0) (37,1) (-1,-1) 
  (38,0) (38,1) (-1,-1) 
  (39,0) (39,1) (-1,-1) 
  (40,0) (40,1) (-1,-1) 
  (41,0) (41,1) (-1,-1) 
  (42,0) (42,1) (-1,-1) 
  (43,0) (43,1) (-1,-1) 
  (44,0) (44,1) (-1,-1) 
  (45,0) (45,1) (-1,-1) 
  (46,0) (46,1) (-1,-1) 
  (47,0) (47,1) (-1,-1) 
  (48,0) (48,1) (-1,-1) 
  (49,0) (49,1) (-1,-1) 
  (50,0) (50,1) (-1,-1) 
  (51,0) (51,1) (-1,-1) 
  (52,0) (52,1) (-1,-1) 
  (53,0) (53,1) (-1,-1) 
  (54,0) (54,1) (-1,-1) 
  (55,0) (55,1) (-1,-1) 
  (56,0) (56,1) (-1,-1) 
  (57,0) (57,1) (-1,-1) 
  (58,0) (58,1) (-1,-1) 
  (59,0) (59,1) (-1,-1) 
  (60,0) (60,1) (-1,-1) 
  (61,0) (61,1) (-1,-1) 
  (62,0) (62,1) (-1,-1) 
  (63,0) (63,1) (-1,-1) 
  (64,0) (64,1) (-1,-1) 
  (65,0) (65,1) (-1,-1) 
  (66,0) (66,1) (-1,-1) 
  (67,0) (67,1) (-1,-1) 
  (68,0) (68,1) (-1,-1) 
  (69,0) (69,1) (-1,-1) 
  (70,0) (70,1) (-1,-1) 
  (71,0) (71,1) (-1,-1) 
  (72,0) (72,1) (-1,-1) 
  (73,0) (73,1) (-1,-1) 
  (74,0) (74,1) (-1,-1) 
  (75,0) (75,1) (-1,-1) 
  (76,0) (76,1) (-1,-1) 
  (77,0) (77,1) (-1,-1) 
  (78,0) (78,1) (-1,-1) 
  (79,0) (79,1) (-1,-1) 
  (80,0) (80,1) (-1,-1) 
  (81,0) (81,1) (-1,-1) 
  (82,0) (82,1) (-1,-1) 
  (83,0) (83,1) (-1,-1) 
  (84,0) (84,1) (-1,-1) 
  (85,0) (85,1) (-1,-1) 
  (86,0) (86,1) (-1,-1) 
  (87,0) (87,1) (-1,-1) 
  (88,0) (88,1) (-1,-1) 
  (89,0) (89,1) (-1,-1) 
  (90,0) (90,1) (-1,-1) 
  (91,0) (91,1) (-1,-1) 
  (92,1) (92,0) (-1,-1) 
  (93,0) (93,1) (-1,-1) 
  (94,0) (94,1) (-1,-1) 
  (95,0) (95,1) (-1,-1) 
  (96,0) (96,1) (-1,-1) 
  (97,0) (97,1) (-1,-1) 
  (98,0) (98,1) (-1,-1) 
  (99,0) (99,1) (-1,-1) 
  (100,0) (100,1) (-1,-1) 
  (101,0) (101,1) (-1,-1) 
  (102,0) (102,1) (-1,-1) 
  (103,0) (103,1) (-1,-1) 
  (104,0) (104,1) (-1,-1) 
  (105,0) (105,1) (-1,-1) 
  (106,0) (106,1) (-1,-1) 
  (107,0) (107,1) (-1,-1) 
  (108,0) (108,1) (-1,-1) 
  (109,0) (109,1) (-1,-1) 
  (110,0) (110,1) (-1,-1) 
  (111,0) (111,1) (-1,-1) 
  (112,0) (112,1) (-1,-1) 
  (113,0) (113,1) (-1,-1) 
  (114,0) (114,1) (-1,-1) 
  (115,0) (115,1) (-1,-1) 
  (116,0) (116,1) (-1,-1) 
  (117,1) (117,0) (-1,-1) 
  (118,0) (118,1) (-1,-1) 
  (119,0) (119,1) (-1,-1) 
  (120,0) (120,1) (-1,-1) 
  (121,0) (121,1) (-1,-1) 
  (122,0) (122,1) (-1,-1) 
  (123,0) (123,1) (-1,-1) 
  (124,0) (124,1) (-1,-1) 
  (125,0) (125,1) (-1,-1) 
  (126,0) (126,1) (-1,-1) 
  (127,0) (127,1) (-1,-1) 
  (128,0) (128,1) (-1,-1) 
  (129,0) (129,1) (-1,-1) 
  (130,0) (130,1) (-1,-1) 
  (131,1) (131,0) (-1,-1) 
  (132,0) (132,1) (-1,-1) 
  (133,0) (133,1) (-1,-1) 
  (134,0) (134,1) (-1,-1) 
  (135,0) (135,1) (-1,-1) 
  (136,0) (136,1) (-1,-1) 
  (137,0) (137,1) (-1,-1) 
  (138,0) (138,1) (-1,-1) 
  (139,0) (139,1) (-1,-1) 
  (140,0) (140,1) (-1,-1) 
  (141,0) (141,1) (-1,-1) 
  (142,0) (142,1) (-1,-1) 
  (143,0) (143,1) (-1,-1) 
  (144,0) (144,1) (-1,-1) 
  (145,0) (145,1) (-1,-1) 
  (146,0) (146,1) (-1,-1) 
  (147,0) (147,1) (-1,-1) 
  (148,0) (148,1) (-1,-1) 
  (149,0) (149,1) (-1,-1) 
  (150,0) (150,1) (-1,-1) 
  (151,0) (151,1) (-1,-1) 
  (152,0) (152,1) (-1,-1) 
  (153,0) (153,1) (-1,-1) 
  (154,0) (154,1) (-1,-1) 
  (155,0) (155,1) (-1,-1) 
  (156,0) (156,1) (-1,-1) 
  (157,0) (157,1) (-1,-1) 
  (158,0) (158,1) (-1,-1) 
  (159,0) (159,1) (-1,-1) 
  (160,0) (160,1) (-1,-1) 
  (161,0) (161,1) (-1,-1) 
  (162,0) (162,1) (-1,-1) 
  (163,0) (163,1) (-1,-1) 
  (164,0) (164,1) (-1,-1) 
  (165,0) (165,1) (-1,-1) 
  (166,0) (166,1) (-1,-1) 
  (167,0) (167,1) (-1,-1) 
  (168,0) (168,1) (-1,-1) 
  (169,0) (169,1) (-1,-1) 
  (170,0) (170,1) (-1,-1) 
  (171,0) (171,1) (-1,-1) 
  (172,0) (172,1) (-1,-1) 
  (173,0) (173,1) (-1,-1) 
  (174,0) (174,1) (-1,-1) 
  (175,0) (175,1) (-1,-1) 
  (176,0) (176,1) (-1,-1) 
  (177,0) (177,1) (-1,-1) 
  (178,0) (178,1) (-1,-1) 
  (179,0) (179,1) (-1,-1) 
  (180,0) (180,1) (-1,-1) 
  (181,0) (181,1) (-1,-1) 
  (182,0) (182,1) (-1,-1) 
  (183,0) (183,1) (-1,-1) 
  (184,0) (184,1) (-1,-1) 
  (185,0) (185,1) (-1,-1) 
  (186,0) (186,1) (-1,-1) 
  (187,0) (187,1) (-1,-1) 
  (188,0) (188,1) (-1,-1) 
  (189,0) (189,1) (-1,-1) 
  (190,0) (190,1) (-1,-1) 
  (191,0) (191,1) (-1,-1) 
  (192,0) (192,1) (-1,-1) 
  (193,0) (193,1) (-1,-1) 
  (194,0) (194,1) (-1,-1) 
  (195,0) (195,1) (-1,-1) 
  (196,0) (196,1) (-1,-1) 
  (197,0) (197,1) (-1,-1) 
  (198,0) (198,1) (-1,-1) 
  (199,0) (199,1) (-1,-1) 
  (200,0) (200,1) (-1,-1) 
  (201,0) (201,1) (-1,-1) 
  (202,0) (202,1) (-1,-1) 
  (203,0) (203,1) (-1,-1) 
  (204,0) (204,1) (-1,-1) 
  (205,0) (205,1) (-1,-1) 
  (206,0) (206,1) (-1,-1) 
  (207,0) (207,1) (-1,-1) 
  (208,0) (208,1) (-1,-1) 
  (209,0) (209,1) (-1,-1) 
  (210,0) (210,1) (-1,-1) 
  (211,0) (211,1) (-1,-1) 
  (212,0) (212,1) (-1,-1) 
  (213,0) (213,1) (-1,-1) 
  (214,0) (214,1) (-1,-1) 
  (215,0) (215,1) (-1,-1) 
  (216,0) (216,1) (-1,-1) 
  (217,0) (217,1) (-1,-1) 
  (218,0) (218,1) (-1,-1) 
  (219,0) (219,1) (-1,-1) 
  (220,0) (220,1) (-1,-1) 
  (221,0) (221,1) (-1,-1) 
  (222,0) (222,1) (-1,-1) 
  (223,0) (223,1) (-1,-1) 
  (224,0) (224,1) (-1,-1) 
  (225,0) (225,1) (-1,-1) 
  (226,0) (226,1) (-1,-1) 
  (227,0) (227,1) (-1,-1) 
  (228,0) (228,1) (-1,-1) 
  (229,0) (229,1) (-1,-1) 
  (230,0) (230,1) (-1,-1) 
  (231,0) (231,1) (-1,-1) 
  (232,0) (232,1) (-1,-1) 
  (233,0) (233,1) (-1,-1) 
  (234,0) (234,1) (-1,-1) 
  (235,0) (235,1) (-1,-1) 
  (236,0) (236,1) (-1,-1) 
  (237,0) (237,1) (-1,-1) 
  (238,0) (238,1) (-1,-1) 
  (239,0) (239,1) (-1,-1) 
  (240,0) (240,1) (-1,-1) 
  (241,0) (241,1) (-1,-1) 
  (242,0) (242,1) (-1,-1) 
  (243,0) (243,1) (-1,-1) 
  (244,0) (244,1) (-1,-1) 
  (245,0) (245,1) (-1,-1) 
  (246,0) (246,1) (-1,-1) 
  (247,0) (247,1) (-1,-1) 
  (248,0) (248,1) (-1,-1) 
  (249,0) (249,1) (-1,-1) 
  (250,0) (250,1) (-1,-1) 
  (251,0) (251,1) (-1,-1) 
  (252,0) (252,1) (-1,-1) 
  (253,0) (253,1) (-1,-1) 
  (254,0) (254,1) (-1,-1) 
  (255,0) (255,1) (-1,-1) 
  (256,0) (256,1) (-1,-1) 
  (257,0) (257,1) (-1,-1) 
  (258,0) (258,1) (-1,-1) 
  (259,0) (259,1) (-1,-1) 
  (260,0) (260,1) (-1,-1) 
  (261,0) (261,1) (-1,-1) 
  (262,0) (262,1) (-1,-1) 
  (263,0) (263,1) (-1,-1) 
  (264,0) (264,1) (-1,-1) 
  (265,0) (265,1) (-1,-1) 
  (266,0) (266,1) (-1,-1) 
  (267,0) (267,1) (-1,-1) 
  (268,0) (268,1) (-1,-1) 
  (269,0) (269,1) (-1,-1) 
  (270,0) (270,1) (-1,-1) 
  (271,0) (271,1) (-1,-1) 
  (272,0) (272,1) (-1,-1) 
  (273,0) (273,1) (-1,-1) 
  (274,0) (274,1) (-1,-1) 
  (275,0) (275,1) (-1,-1) 
  (276,0) (276,1) (-1,-1) 
  (277,0) (277,1) (-1,-1) 
  (278,0) (278,1) (-1,-1) 
  (279,0) (279,1) (-1,-1) 
  (280,0) (280,1) (-1,-1) 
  (281,0) (281,1) (-1,-1) 
  (282,0) (282,1) (-1,-1) 
  (283,0) (283,1) (-1,-1) 
  (284,0) (284,1) (-1,-1) 
  (285,0) (285,1) (-1,-1) 
  (286,0) (286,1) (-1,-1) 
  (287,0) (287,1) (-1,-1) 
  (288,0) (288,1) (-1,-1) 
  (289,0) (289,1) (-1,-1) 
  (290,0) (290,1) (-1,-1) 
  (291,0) (291,1) (-1,-1) 
  (292,0) (292,1) (-1,-1) 
  (293,0) (293,1) (-1,-1) 
  (294,0) (294,1) (-1,-1) 
  (295,0) (295,1) (-1,-1) 
  (296,0) (296,1) (-1,-1) 
  (297,0) (297,1) (-1,-1) 
  (298,0) (298,1) (-1,-1) 
  (299,0) (299,1) (-1,-1) 
  (300,0) (300,1) (-1,-1) 
  (301,0) (301,1) (-1,-1) 
  (302,0) (302,1) (-1,-1) 
  (303,0) (303,1) (-1,-1) 
  (304,0) (304,1) (-1,-1) 
  (305,0) (305,1) (-1,-1) 
  (306,0) (306,1) (-1,-1) 
  (307,0) (307,1) (-1,-1) 
  (308,0) (308,1) (-1,-1) 
  (309,0) (309,1) (-1,-1) 
  (310,0) (310,1) (-1,-1) 
  (311,0) (311,1) (-1,-1) 
  (312,0) (312,1) (-1,-1) 
  (313,0) (313,1) (-1,-1) 
  (314,0) (314,1) (-1,-1) 
  (315,0) (315,1) (-1,-1) 
  (316,0) (316,1) (-1,-1) 
  (317,0) (317,1) (-1,-1) 
  (318,0) (318,1) (-1,-1) 
  (319,0) (319,1) (-1,-1) 
  (320,0) (320,1) (-1,-1) 
  (321,0) (321,1) (-1,-1) 
  (322,0) (322,1) (-1,-1) 
  (323,0) (323,1) (-1,-1) 
  (324,0) (324,1) (-1,-1) 
  (325,1) (325,0) (-1,-1) 
  (326,0) (326,1) (-1,-1) 
  (327,0) (327,1) (-1,-1) 
  (328,0) (328,1) (-1,-1) 
  (329,0) (329,1) (-1,-1) 
  (330,0) (330,1) (-1,-1) 
  (331,0) (331,1) (-1,-1) 
  (0,0) (0,1) (-1,-1) ]

(0,331) x (0,2)
[ (331,0) (331,1) (-1,-1) 
  (0,0) (0,1) (-1,-1) 
  (1,0) (1,1) (-1,-1) 
  (2,0) (2,1) (-1,-1) 
  (3,0) (3,1) (-1,-1) 
  (4,0) (4,1) (-1,-1) 
  (5,0) (5,1) (-1,-1) 
  (6,0) (6,1) (-1,-1) 
  (7,0) (7,1) (-1,-1) 
  (8,0) (8,1) (-1,-1) 
  (9,0) (9,1) (-1,-1) 
  (10,0) (10,1) (-1,-1) 
  (11,0) (11,1) (-1,-1) 
  (12,0) (12,1) (-1,-1) 
  (13,0) (13,1) (-1,-1) 
  (14,0) (14,1) (-1,-1) 
  (15,0) (15,1) (-1,-1) 
  (16,0) (16,1) (-1,-1) 
  (17,0) (17,1) (-1,-1) 
  (18,0) (18,1) (-1,-1) 
  (19,0) (19,1) (-1,-1) 
  (20,0) (20,1) (-1,-1) 
  (21,0) (21,1) (-1,-1) 
  (22,0) (22,1) (-1,-1) 
  (23,0) (23,1) (-1,-1) 
  (24,0) (24,1) (-1,-1) 
  (25,0) (25,1) (-1,-1) 
  (26,0) (26,1) (-1,-1) 
  (27,0) (27,1) (-1,-1) 
  (28,0) (28,1) (-1,-1) 
  (29,0) (29,1) (-1,-1) 
  (30,0) (30,1) (-1,-1) 
  (31,0) (31,1) (-1,-1) 
  (32,0) (32,1) (-1,-1) 
  (33,0) (33,1) (-1,-1) 
  (34,0) (34,1) (-1,-1) 
  (35,0) (35,1) (-1,-1) 
  (36,0) (36,1) (-1,-1) 
  (37,0) (37,1) (-1,-1) 
  (38,0) (38,1) (-1,-1) 
  (39,0) (39,1) (-1,-1) 
  (40,0) (40,1) (-1,-1) 
  (41,0) (41,1) (-1,-1) 
  (42,0) (42,1) (-1,-1) 
  (43,0) (43,1) (-1,-1) 
  (44,0) (44,1) (-1,-1) 
  (45,0) (45,1) (-1,-1) 
  (46,0) (46,1) (-1,-1) 
  (47,0) (47,1) (-1,-1) 
  (48,0) (48,1) (-1,-1) 
  (49,0) (49,1) (-1,-1) 
  (50,0) (50,1) (-1,-1) 
  (51,0) (51,1) (-1,-1) 
  (52,0) (52,1) (-1,-1) 
  (53,0) (53,1) (-1,-1) 
  (54,0) (54,1) (-1,-1) 
  (55,0) (55,1) (-1,-1) 
  (56,0) (56,1) (-1,-1) 
  (57,0) (57,1) (-1,-1) 
  (58,0) (58,1) (-1,-1) 
  (59,0) (59,1) (-1,-1) 
  (60,0) (60,1) (-1,-1) 
  (61,0) (61,1) (-1,-1) 
  (62,0) (62,1) (-1,-1) 
  (63,0) (63,1) (-1,-1) 
  (64,0) (64,1) (-1,-1) 
  (65,0) (65,1) (-1,-1) 
  (66,0) (66,1) (-1,-1) 
  (67,0) (67,1) (-1,-1) 
  (68,0) (68,1) (-1,-1) 
  (69,0) (69,1) (-1,-1) 
  (70,0) (70,1) (-1,-1) 
  (71,0) (71,1) (-1,-1) 
  (72,0) (72,1) (-1,-1) 
  (73,0) (73,1) (-1,-1) 
  (74,0) (74,1) (-1,-1) 
  (75,0) (75,1) (-1,-1) 
  (76,0) (76,1) (-1,-1) 
  (77,0) (77,1) (-1,-1) 
  (78,0) (78,1) (-1,-1) 
  (79,0) (79,1) (-1,-1) 
  (80,0) (80,1) (-1,-1) 
  (81,0) (81,1) (-1,-1) 
  (82,0) (82,1) (-1,-1) 
  (83,0) (83,1) (-1,-1) 
  (84,0) (84,1) (-1,-1) 
  (85,0) (85,1) (-1,-1) 
  (86,0) (86,1) (-1,-1) 
  (87,0) (87,1) (-1,-1) 
  (88,0) (88,1) (-1,-1) 
  (89,0) (89,1) (-1,-1) 
  (90,0) (90,1) (-1,-1) 
  (91,1) (91,0) (-1,-1) 
  (92,0) (92,1) (-1,-1) 
  (93,0) (93,1) (-1,-1) 
  (94,0) (94,1) (-1,-1) 
  (95,0) (95,1) (-1,-1) 
  (96,0) (96,1) (-1,-1) 
  (97,0) (97,1) (-1,-1) 
  (98,0) (98,1) (-1,-1) 
  (99,0) (99,1) (-1,-1) 
  (100,0) (100,1) (-1,-1) 
  (101,0) (101,1) (-1,-1) 
  (102,0) (102,1) (-1,-1) 
  (103,0) (103,1) (-1,-1) 
  (104,0) (104,1) (-1,-1) 
  (105,0) (105,1) (-1,-1) 
  (106,0) (106,1) (-1,-1) 
  (107,0) (107,1) (-1,-1) 
  (108,0) (108,1) (-1,-1) 
  (109,0) (109,1) (-1,-1) 
  (110,0) (110,1) (-1,-1) 
  (111,0) (111,1) (-1,-1) 
  (112,0) (112,1) (-1,-1) 
  (113,0) (113,1) (-1,-1) 
  (114,0) (114,1) (-1,-1) 
  (115,0) (115,1) (-1,-1) 
  (116,1) (116,0) (-1,-1) 
  (117,0) (117,1) (-1,-1) 
  (118,0) (118,1) (-1,-1) 
  (119,0) (119,1) (-1,-1) 
  (120,0) (120,1) (-1,-1) 
  (121,0) (121,1) (-1,-1) 
  (122,0) (122,1) (-1,-1) 
  (123,0) (123,1) (-1,-1) 
  (124,0) (124,1) (-1,-1) 
  (125,0) (125,1) (-1,-1) 
  (126,0) (126,1) (-1,-1) 
  (127,0) (127,1) (-1,-1) 
  (128,0) (128,1) (-1,-1) 
  (129,0) (129,1) (-1,-1) 
  (130,1) (130,0) (-1,-1) 
  (131,0) (131,1) (-1,-1) 
  (132,0) (132,1) (-1,-1) 
  (133,0) (133,1) (-1,-1) 
  (134,0) (134,1) (-1,-1) 
  (135,0) (135,1) (-1,-1) 
  (136,0) (136,1) (-1,-1) 
  (137,0) (137,1) (-1,-1) 
  (138,0) (138,1) (-1,-1) 
  (139,0) (139,1) (-1,-1) 
  (140,0) (140,1) (-1,-1) 
  (141,0) (141,1) (-1,-1) 
  (142,0) (142,1) (-1,-1) 
  (143,0) (143,1) (-1,-1) 
  (144,0) (144,1) (-1,-1) 
  (145,0) (145,1) (-1,-1) 
  (146,0) (146,1) (-1,-1) 
  (147,0) (147,1) (-1,-1) 
  (148,0) (148,1) (-1,-1) 
  (149,0) (149,1) (-1,-1) 
  (150,0) (150,1) (-1,-1) 
  (151,0) (151,1) (-1,-1) 
  (152,0) (152,1) (-1,-1) 
  (153,0) (153,1) (-1,-1) 
  (154,0) (154,1) (-1,-1) 
  (155,0) (155,1) (-1,-1) 
  (156,0) (156,1) (-1,-1) 
  (157,0) (157,1) (-1,-1) 
  (158,0) (158,1) (-1,-1) 
  (159,0) (159,1) (-1,-1) 
  (160,0) (160,1) (-1,-1) 
  (161,0) (161,1) (-1,-1) 
  (162,0) (162,1) (-1,-1) 
  (163,0) (163,1) (-1,-1) 
  (164,0) (164,1) (-1,-1) 
  (165,0) (165,1) (-1,-1) 
  (166,0) (166,1) (-1,-1) 
  (167,0) (167,1) (-1,-1) 
  (168,0) (168,1) (-1,-1) 
  (169,0) (169,1) (-1,-1) 
  (170,0) (170,1) (-1,-1) 
  (171,0) (171,1) (-1,-1) 
  (172,0) (172,1) (-1,-1) 
  (173,0) (173,1) (-1,-1) 
  (174,0) (174,1) (-1,-1) 
  (175,0) (175,1) (-1,-1) 
  (176,0) (176,1) (-1,-1) 
  (177,0) (177,1) (-1,-1) 
  (178,0) (178,1) (-1,-1) 
  (179,0) (179,1) (-1,-1) 
  (180,0) (180,1) (-1,-1) 
  (181,0) (181,1) (-1,-1) 
  (182,0) (182,1) (-1,-1) 
  (183,0) (183,1) (-1,-1) 
  (184,0) (184,1) (-1,-1) 
  (185,0) (185,1) (-1,-1) 
  (186,0) (186,1) (-1,-1) 
  (187,0) (187,1) (-1,-1) 
  (188,0) (188,1) (-1,-1) 
  (189,0) (189,1) (-1,-1) 
  (190,0) (190,1) (-1,-1) 
  (191,0) (191,1) (-1,-1) 
  (192,0) (192,1) (-1,-1) 
  (193,0) (193,1) (-1,-1) 
  (194,0) (194,1) (-1,-1) 
  (195,0) (195,1) (-1,-1) 
  (196,0) (196,1) (-1,-1) 
  (197,0) (197,1) (-1,-1) 
  (198,0) (198,1) (-1,-1) 
  (199,0) (199,1) (-1,-1) 
  (200,0) (200,1) (-1,-1) 
  (201,0) (201,1) (-1,-1) 
  (202,0) (202,1) (-1,-1) 
  (203,0) (203,1) (-1,-1) 
  (204,0) (204,1) (-1,-1) 
  (205,0) (205,1) (-1,-1) 
  (206,0) (206,1) (-1,-1) 
  (207,0) (207,1) (-1,-1) 
  (208,0) (208,1) (-1,-1) 
  (209,0) (209,1) (-1,-1) 
  (210,0) (210,1) (-1,-1) 
  (211,0) (211,1) (-1,-1) 
  (212,0) (212,1) (-1,-1) 
  (213,0) (213,1) (-1,-1) 
  (214,0) (214,1) (-1,-1) 
  (215,0) (215,1) (-1,-1) 
  (216,0) (216,1) (-1,-1) 
  (217,0) (217,1) (-1,-1) 
  (218,0) (218,1) (-1,-1) 
  (219,0) (219,1) (-1,-1) 
  (220,0) (220,1) (-1,-1) 
  (221,0) (221,1) (-1,-1) 
  (222,0) (222,1) (-1,-1) 
  (223,0) (223,1) (-1,-1) 
  (224,0) (224,1) (-1,-1) 
  (225,0) (225,1) (-1,-1) 
  (226,0) (226,1) (-1,-1) 
  (227,0) (227,1) (-1,-1) 
  (228,0) (228,1) (-1,-1) 
  (229,0) (229,1) (-1,-1) 
  (230,0) (230,1) (-1,-1) 
  (231,0) (231,1) (-1,-1) 
  (232,0) (232,1) (-1,-1) 
  (233,0) (233,1) (-1,-1) 
  (234,0) (234,1) (-1,-1) 
  (235,0) (235,1) (-1,-1) 
  (236,0) (236,1) (-1,-1) 
  (237,0) (237,1) (-1,-1) 
  (238,0) (238,1) (-1,-1) 
  (239,0) (239,1) (-1,-1) 
  (240,0) (240,1) (-1,-1) 
  (241,0) (241,1) (-1,-1) 
  (242,0) (242,1) (-1,-1) 
  (243,0) (243,1) (-1,-1) 
  (244,0) (244,1) (-1,-1) 
  (245,0) (245,1) (-1,-1) 
  (246,0) (246,1) (-1,-1) 
  (247,0) (247,1) (-1,-1) 
  (248,0) (248,1) (-1,-1) 
  (249,0) (249,1) (-1,-1) 
  (250,0) (250,1) (-1,-1) 
  (251,0) (251,1) (-1,-1) 
  (252,0) (252,1) (-1,-1) 
  (253,0) (253,1) (-1,-1) 
  (254,0) (254,1) (-1,-1) 
  (255,0) (255,1) (-1,-1) 
  (256,0) (256,1) (-1,-1) 
  (257,0) (257,1) (-1,-1) 
  (258,0) (258,1) (-1,-1) 
  (259,0) (259,1) (-1,-1) 
  (260,0) (260,1) (-1,-1) 
  (261,0) (261,1) (-1,-1) 
  (262,0) (262,1) (-1,-1) 
  (263,0) (263,1) (-1,-1) 
  (264,0) (264,1) (-1,-1) 
  (265,0) (265,1) (-1,-1) 
  (266,0) (266,1) (-1,-1) 
  (267,0) (267,1) (-1,-1) 
  (268,0) (268,1) (-1,-1) 
  (269,0) (269,1) (-1,-1) 
  (270,0) (270,1) (-1,-1) 
  (271,0) (271,1) (-1,-1) 
  (272,0) (272,1) (-1,-1) 
  (273,0) (273,1) (-1,-1) 
  (274,0) (274,1) (-1,-1) 
  (275,0) (275,1) (-1,-1) 
  (276,0) (276,1) (-1,-1) 
  (277,0) (277,1) (-1,-1) 
  (278,0) (278,1) (-1,-1) 
  (279,0) (279,1) (-1,-1) 
  (280,0) (280,1) (-1,-1) 
  (281,0) (281,1) (-1,-1) 
  (282,0) (282,1) (-1,-1) 
  (283,0) (283,1) (-1,-1) 
  (284,0) (284,1) (-1,-1) 
  (285,0) (285,1) (-1,-1) 
  (286,0) (286,1) (-1,-1) 
  (287,0) (287,1) (-1,-1) 
  (288,0) (288,1) (-1,-1) 
  (289,0) (289,1) (-1,-1) 
  (290,0) (290,1) (-1,-1) 
  (291,0) (291,1) (-1,-1) 
  (292,0) (292,1) (-1,-1) 
  (293,0) (293,1) (-1,-1) 
  (294,0) (294,1) (-1,-1) 
  (295,0) (295,1) (-1,-1) 
  (296,0) (296,1) (-1,-1) 
  (297,0) (297,1) (-1,-1) 
  (298,0) (298,1) (-1,-1) 
  (299,0) (299,1) (-1,-1) 
  (300,0) (300,1) (-1,-1) 
  (301,0) (301,1) (-1,-1) 
  (302,0) (302,1) (-1,-1) 
  (303,0) (303,1) (-1,-1) 
  (304,0) (304,1) (-1,-1) 
  (305,0) (305,1) (-1,-1) 
  (306,0) (306,1) (-1,-1) 
  (307,0) (307,1) (-1,-1) 
  (308,0) (308,1) (-1,-1) 
  (309,0) (309,1) (-1,-1) 
  (310,0) (310,1) (-1,-1) 
  (311,0) (311,1) (-1,-1) 
  (312,0) (312,1) (-1,-1) 
  (313,0) (313,1) (-1,-1) 
  (314,0) (314,1) (-1,-1) 
  (315,0) (315,1) (-1,-1) 
  (316,0) (316,1) (-1,-1) 
  (317,0) (317,1) (-1,-1) 
  (318,0) (318,1) (-1,-1) 
  (319,0) (319,1) (-1,-1) 
  (320,0) (320,1) (-1,-1) 
  (321,0) (321,1) (-1,-1) 
  (322,0) (322,1) (-1,-1) 
  (323,0) (323,1) (-1,-1) 
  (324,1) (324,0) (-1,-1) 
  (325,0) (325,1) (-1,-1) 
  (326,0) (326,1) (-1,-1) 
  (327,0) (327,1) (-1,-1) 
  (328,0) (328,1) (-1,-1) 
  (329,0) (329,1) (-1,-1) 
  (330,0) (330,1) (-1,-1) ]

(0,331) x (0,2)
[ 1 1 0 
  1 1 0 
  1 1 0 
  1 1 0 
  1 1 0 
  1 1 0 
  1 1 0 
  1 1 0 
  1 1 0 
  1 1 0 
  1 1 0 
  1 1 0 
  1 1 0 
  1 1 0 
  1 1 0 
  1 1 0 
  1 1 0 
  1 1 0 
  1 1 0 
  1 1 0 
  1 1 0 
  1 1 0 
  1 1 0 
  1 1 0 
  1 1 0 
  1 1 0 
  1 1 0 
  1 1 0 
  1 1 0 
  1 1 0 
  1 1 0 
  1 1 0 
  1 1 0 
  1 1 0 
  1 1 0 
  1 1 0 
  1 1 0 
  1 1 0 
  1 1 0 
  1 1 0 
  1 1 0 
  1 1 0 
  1 1 0 
  1 1 0 
  1 1 0 
  1 1 0 
  1 1 0 
  1 1 0 
  1 1 0 
  1 1 0 
  1 1 0 
  1 1 0 
  1 1 0 
  1 1 0 
  1 1 0 
  1 1 0 
  1 1 0 
  1 1 0 
  1 1 0 
  1 1 0 
  1 1 0 
  1 1 0 
  1 1 0 
  1 1 0 
  1 1 0 
  1 1 0 
  1 1 0 
  1 1 0 
  1 1 0 
  1 1 0 
  1 1 0 
  1 1 0 
  1 1 0 
  1 1 0 
  1 1 0 
  1 1 0 
  1 1 0 
  1 1 0 
  1 1 0 
  1 1 0 
  1 1 0 
  1 1 0 
  1 1 0 
  1 1 0 
  1 1 0 
  1 1 0 
  1 1 0 
  1 1 0 
  1 1 0 
  1 1 0 
  1 1 0 
  1 1 0 
  1 1 0 
  1 1 0 
  1 1 0 
  1 1 0 
  1 1 0 
  1 1 0 
  1 1 0 
  1 1 0 
  1 1 0 
  1 1 0 
  1 1 0 
  1 1 0 
  1 1 0 
  1 1 0 
  1 1 0 
  1 1 0 
  1 1 0 
  1 1 0 
  1 1 0 
  1 1 0 
  1 1 0 
  1 1 0 
  1 1 0 
  1 1 0 
  1 1 0 
  1 1 0 
  1 1 0 
  1 1 0 
  1 1 0 
  1 1 0 
  1 1 0 
  1 1 0 
  1 1 0 
  1 1 0 
  1 1 0 
  1 1 0 
  1 1 0 
  1 1 0 
  1 1 0 
  1 1 0 
  1 1 0 
  1 1 0 
  1 1 0 
  1 1 0 
  1 1 0 
  1 1 0 
  1 1 0 
  1 1 0 
  1 1 0 
  1 1 0 
  1 1 0 
  1 1 0 
  1 1 0 
  1 1 0 
  1 1 0 
  1 1 0 
  1 1 0 
  1 1 0 
  1 1 0 
  1 1 0 
  1 1 0 
  1 1 0 
  1 1 0 
  1 1 0 
  1 1 0 
  1 1 0 
  1 1 0 
  1 1 0 
  1 1 0 
  1 1 0 
  1 1 0 
  1 1 0 
  1 1 0 
  1 1 0 
  1 1 0 
  1 1 0 
  1 1 0 
  1 1 0 
  1 1 0 
  1 1 0 
  1 1 0 
  1 1 0 
  1 1 0 
  1 1 0 
  1 1 0 
  1 1 0 
  1 1 0 
  1 1 0 
  1 1 0 
  1 1 0 
  1 1 0 
  1 1 0 
  1 1 0 
  1 1 0 
  1 1 0 
  1 1 0 
  1 1 0 
  1 1 0 
  1 1 0 
  1 1 0 
  1 1 0 
  1 1 0 
  1 1 0 
  1 1 0 
  1 1 0 
  1 1 0 
  1 1 0 
  1 1 0 
  1 1 0 
  1 1 0 
  1 1 0 
  1 1 0 
  1 1 0 
  1 1 0 
  1 1 0 
  1 1 0 
  1 1 0 
  1 1 0 
  1 1 0 
  1 1 0 
  1 1 0 
  1 1 0 
  1 1 0 
  1 1 0 
  1 1 0 
  1 1 0 
  1 1 0 
  1 1 0 
  1 1 0 
  1 1 0 
  1 1 0 
  1 1 0 
  1 1 0 
  1 1 0 
  1 1 0 
  1 1 0 
  1 1 0 
  1 1 0 
  1 1 0 
  1 1 0 
  1 1 0 
  1 1 0 
  1 1 0 
  1 1 0 
  1 1 0 
  1 1 0 
  1 1 0 
  1 1 0 
  1 1 0 
  1 1 0 
  1 1 0 
  1 1 0 
  1 1 0 
  1 1 0 
  1 1 0 
  1 1 0 
  1 1 0 
  1 1 0 
  1 1 0 
  1 1 0 
  1 1 0 
  1 1 0 
  1 1 0 
  1 1 0 
  1 1 0 
  1 1 0 
  1 1 0 
  1 1 0 
  1 1 0 
  1 1 0 
  1 1 0 
  1 1 0 
  1 1 0 
  1 1 0 
  1 1 0 
  1 1 0 
  1 1 0 
  1 1 0 
  1 1 0 
  1 1 0 
  1 1 0 
  1 1 0 
  1 1 0 
  1 1 0 
  1 1 0 
  1 1 0 
  1 1 0 
  1 1 0 
  1 1 0 
  1 1 0 
  1 1 0 
  1 1 0 
  1 1 0 
  1 1 0 
  1 1 0 
  1 1 0 
  1 1 0 
  1 1 0 
  1 1 0 
  1 1 0 
  1 1 0 
  1 1 0 
  1 1 0 
  1 1 0 
  1 1 0 
  1 1 0 
  1 1 0 
  1 1 0 
  1 1 0 
  1 1 0 
  1 1 0 
  1 1 0 
  1 1 0 
  1 1 0 
  1 1 0 
  1 1 0 
  1 1 0 
  1 1 0 
  1 1 0 
  1 1 0 
  1 1 0 
  1 1 0 
  1 1 0 
  1 1 0 
  1 1 0 
  1 1 0 
  1 1 0 
  1 1 0 
  1 1 0 
  1 1 0 
  1 1 0 
  1 1 0 
  1 1 0 
  1 1 0 
  1 1 0 
  1 1 0 
  1 1 0 
  1 1 0 
  1 1 0 
  1 1 0 ]

655957466 1405160419 3790955278 3608837883 1854737811 2904860994 1117196603 431400794 1394662898 2832361726 3007819221 3414219031 1736644137 3799645566 3110681193 1431481097 3234483740 1497837745 2467785822 3202875775 2781957655 262714364 700468022 1341077750 1315143615 3812460306 1046831556 1221985101 412652014 192788402 820361428 2055338625 145961458 1526113752 242801212 3661991935 989714332 1211754252 3341646263 1909256494 3412461064 2130620436 1259185824 2834448726 1384368664 3479621670 2152497928 2275368640 4114584126 563979739 2269317812 1271194696 199023428 847708861 19524607 2813161177 3045544952 518494025 713240670 632375240 2389727085 3195155867 1346989798 3139994428 2635594307 2110993644 245352136 490375369 3496305726 293868571 1510449174 1967515272 991236887 1384185008 1202509423 3879110390 4160416943 1840295083 3790866949 1334690270 886209718 1737602835 2848638683 3793126988 2246433840 3802891087 926241307 3373673071 851086546 2657147685 1094970598 946949734 2612984451 1167275620 2297675554 4157037158 189655197 3235964298 2439628623 221190410 1045782928 2410639899 670763912 1795669907 1860368978 477060929 1474712613 1309356083 3020101174 4202299884 41240141 2441088395 1238197611 3673752435 3844272720 2642340379 3035930514 2272969607 3435088377 85889455 1415310607 3744574990 1200356313 958813803 2537370695 4179968621 3666178641 1371086072 3355901686 2329465657 671811040 3595911223 3372695133 2943033715 1722740562 3528170775 1057591767 3392079611 571878512 1096914686 1451372760 1884115216 3010165019 1555708641 1772495202 2729684588 3656178903 3356327123 1516632747 1449960607 3620509353 430533581 1061964419 3355367972 3599389694 3317073572 1571388761 2626107257 797332639 1015802322 3488079462 692083718 193536006 63890752 605675300 62344493 4165389330 2556032819 2920529501 3197738156 780934553 1346528129 1179936850 2310243086 3214615476 3610590532 1360523186 408912057 2986208140 1465919091 3388248758 1378634113 3401313822 391960270 909563335 2310617563 2998179664 1932492063 1805940664 3684640494 4200366817 192747961 1328154062 4270610906 924034579 2843981172 3760705916 4129518630 268115080 3701168124 1094807793 3119732991 1553620256 1877495144 877627793 567789827 761877869 4048028059 1789627264 824857669 934256293 3784287530 2172215968 2309349486 324407513 3631522690 3374253079 2281151685 2213252957 140161120 2731917286 2336235273 3391099056 2660005609 1597658127 432297379 3429415075 2622636283 95031653 2152641260 155384928 75837748 581342466 2411926223 50555138 2376695041 2012339173 652550574 1938838264 1794753883 2715692747 2946577623 1592724678 996379315 4087672064 362079119 3710158522 1823978508 3356773814 3266010668 1162981565 2121427313 3280429800 208047321 4067464670 309143177 557526754 1094771218 1343553244 4096646481 1970727788 3291712473 82427223 1967021807 3570936220 3247680487 777629556 491012025 3619655928 3566073562 3347514635 1492653513 1726088650 1521119329 3031195192 16541052 174275969 3777596447 1647459765 2862061589 2836840893 1121430121 4056146856 749211539 2270226246 3638879442 2333185042 1642421689 3570853452 3924885739 1230623141 507865693 174098519 4114473665 1575812461 1443353906 1630947745 3237132539 1550049807 4128949627 2788816628 3364513497 107432773 937320278 798829984 3652728405 2083501798 1859756254 2401308381 1985469167 3816898505 1721817884 1340926850 3102490935 2667093108 1686222822 2567917474 1028717172 1867103857 695830759 3393004862 2447075374 3155444855 3993413855 2119690269 3613002534 1711664649 394864160 971877685 3208937248 3761278244 3362526351 960979073 985690477 17581382 2815891151 2515264358 3366243124 3782415165 4104861806 929607808 3175237137 3778950840 2085216178 941440199 3189177746 131956143 119969587 19699483 839126454 3243772532 755403100 327008536 1214695903 2411034243 4205338861 2911527288 1931858635 4203991824 197832513 3353966651 351439772 2884178390 2436156673 2549844594 2574931284 1630620480 273121418 1532978943 3026235744 1973763228 4062172433 300832667 907184150 2301891203 2680496145 1719556076 2083193132 866891643 3351532987 1276475033 1855949255 568071213 1041484279 1467601082 3851254311 2459294844 3966723502 1767186542 2725131941 1442198914 1706201576 4142572568 3994193742 3716493774 2341384331 3337445662 3179195706 2032741450 2643645644 117658109 2529969285 2876967873 2350581034 4257769507 1823283762 491658429 4285292184 1361238922 135550256 3355862024 1417000552 2011480557 2611783228 1465804060 3813035729 4136535665 125137143 1278880125 3971388625 3804845435 1144904633 4230277137 2910710367 775213439 1973615357 767168709 247199747 3061666348 1210252342 4145941127 1688950841 3483994801 3803341620 697683257 329780992 4173761806 683891559 3582718231 87208111 4152450953 406558173 2842178699 3202831112 2151235243 2749377891 174045782 4046193231 4273898155 3363492060 363103812 2678905469 2246738213 3268693576 2819712656 4238823663 2934044768 3182009477 2828990127 1378814203 2412497026 3856760448 2162409915 2524326048 10478263 2773256022 2979098952 3887188771 36253806 2829326854 4150748644 1583900033 624039000 3843992288 1562042477 520869357 2455553876 3533028277 2607398094 3974036271 2557603515 1079517319 833591732 1257808686 3071608207 3647780794 2715838090 3289631408 3054308323 2076582044 1946124683 1610133673 4150144601 260099154 2139463114 3676146680 144427699 3256779167 3543626379 3985829915 2218727817 2721687186 1176385630 1412251810 3684738567 219849175 2507757520 1039485805 687284121 4282036550 691163101 1474207230 3543576904 3741947811 2679073501 1803286316 759619841 1847322464 1375470044 1624408066 1411767231 3648331385 206143216 334481826 1269417011 2907947707 81388430 1520418812 3677153311 3387983127 2291868161 3622027958 579268836 1174445670 1436444186 2101611577 3892743872 3421417977 1740527109 4108172367 3885926441 857074644 3465484563 2050107403 2361011921 1979650124 1037556153 2886713741 2418862437 1176923277 1108255718 3476156574 1123731521 4274629412 359124388 93329258 852320153 3065209428 1958553812 238574551 3554412661 3562969564 2768331971 4246253754 1484607597 1552383231 1268780041 863965767 1626554759 2857225659 3729653129 1653130766 1150745160 2408734851 2782500156 1137822815 3803738062 708209771 717034244 3984418718 323011974 3056933900 2255119809 684825323 3994262687 2390758013 883016448 1474565461 2261167986 102535026 2212233086 2784109842 564469308 767746509 3807282799 1153853520 728544258 719645978 2823052539 3121811734 1726147429 2042042641 1982880795 2293855399 1361145163 1442932318 2820103321 1050913507 428821211 2085083332 1878814948 621010937 1443386874 3511315776 3366672908 1760356947 1716168464 227387192 104786081 3663598967 4013089087 3444375380 2461910311 3579965427 112 
