4
       312223479	       845374080
         4533115	         4578638
       170795027	       174288974
        12647975	       258617509
        12649907	        13138815
        12399835	       259134697
        12397903	        12398554
        14271873	        20899488
        14273313	        17125792
        14270512	        17130184
        14266458	        20900352
        14860635	        23582399
        14856926	        23578678
         5000000	         9173929
(0,499) x (0,3)
[ (1.223858132777706) (0.8805210393615333) (1.159008245086137) (-3.713273578126672) 
  (1.241291923855165) (0.877567391438882) (1.164400866017319) (-3.677082669393703) 
  (1.273580481058108) (0.8652404909819813) (1.097878105164934) (5.646804124116898) 
  (0.8236459890934226) (1.266202372888203) (1.048048175617348) (5.687063636536083) 
  (0.7747423236223224) (1.305512971307082) (1.063853785249892) (5.665911353518206) 
  (1.281590672119418) (0.776707642912485) (0.9832158791188038) (5.686664861846872) 
  (0.7971430931026448) (1.243047920319907) (1.021806196453563) (5.655562040009223) 
  (0.7824890998246607) (1.195266972895347) (1.066868143355477) (5.633883684770162) 
  (0.7003092681861056) (1.182659678925359) (1.011184989440414) (5.709806827555944) 
  (1.129476039171985) (0.6795900198734981) (0.9291723271677645) (5.687957042402547) 
  (1.188922699168176) (0.7148462561696394) (0.9098748449566862) (5.669826829402881) 
  (0.8010744363197525) (1.226576714677005) (0.9287606376291215) (5.631528195702927) 
  (0.7837697571679892) (1.258227608130579) (0.9393921490675334) (5.567555570004171) 
  (1.267813406364521) (0.798857618577788) (0.9618815224760885) (5.5998517611809) 
  (0.7335856631510212) (1.245159225714091) (0.9261934910587704) (5.525352603853072) 
  (1.12359982283885) (0.7359698137941463) (0.9720649598459673) (5.558718170264986) 
  (0.7494797218184772) (1.11806432082429) (0.9512936760785596) (5.536591756872532) 
  (0.7648454974689892) (1.120931100294022) (0.9878168800735121) (5.504646185316042) 
  (1.065017329050376) (0.7128358134300818) (0.9945810143559285) (5.475421964386562) 
  (1.05817902179665) (0.7002498204633357) (1.051558390742818) (5.46013087497144) 
  (0.7341747996398376) (1.085148125373012) (0.968451142632989) (5.448635117411571) 
  (1.106731347502977) (0.7982669978398527) (0.9218104436107671) (5.471275805640762) 
  (1.10380263702824) (0.8597868098595247) (0.9686902453485365) (5.508430719404346) 
  (1.126500049619778) (0.9073250598716421) (0.9778532368323412) (5.408854546235024) 
  (0.9028434542401202) (1.125629053254541) (0.9628809677222783) (5.391862789183866) 
  (1.150713436160313) (0.8827990004914767) (1.054940241529587) (5.335634546730941) 
  (0.8093485720421496) (1.148140627910452) (1.04415123106448) (5.342228731510194) 
  (1.177110100762344) (0.8376761396929762) (1.057453223590394) (5.397606481256032) 
  (0.8938927165461175) (1.207188877515619) (1.040693668125261) (5.401926007646273) 
  (0.8402661741548378) (1.215995198065332) (1.078757234399506) (5.367112840692506) 
  (0.8178243988325946) (1.213012904945765) (1.090331524711469) (5.343774416584524) 
  (0.8263365493246434) (1.245968646931479) (1.108101343305383) (5.389620031803052) 
  (1.213285491692133) (0.8218935752861134) (1.096827816031787) (5.359299904489828) 
  (0.8373306343559447) (1.146837417860936) (1.017406442998253) (5.308361794233309) 
  (1.066629303472474) (0.8173955991856875) (1.065376459556435) (5.384072203981288) 
  (0.9689182869316838) (0.8149926257136665) (1.116252081766082) (5.356234696197832) 
  (0.9218755524448579) (0.8295788692425972) (1.074544426936219) (0.4772665371178948) 
  (0.8507372894501675) (0.8425852172552324) (1.08541319316557) (0.4944539092870984) 
  (0.8410882647554538) (0.7166904128441622) (1.03648810302906) (0.4759126488110624) 
  (0.742384731884813) (0.8369942544349858) (1.009859459641742) (0.4150353461513557) 
  (0.7401714339523309) (0.8554677501237814) (0.9990953348926486) (0.4638932372429034) 
  (0.805345696331348) (0.6797151522461277) (0.9786492224860743) (0.505374414155492) 
  (0.77663010851128) (0.7083238641749189) (1.024182296859808) (0.4727057799742905) 
  (0.7593185904846315) (0.8276517585388113) (1.015748801909693) (0.4597571976503035) 
  (0.801904666372048) (0.8492984335902978) (0.9879411079812711) (0.4726653251575698) 
  (0.9545734485029201) (0.7624985513498089) (0.9331943905979559) (0.4206977076115287) 
  (0.9306621446992246) (0.7521408744078617) (0.9560908739827789) (0.4549245243138363) 
  (0.8058651033452845) (0.9288511968485498) (0.9796340956860811) (0.4773041988963395) 
  (0.8100949674892662) (0.9089822384031266) (0.9894707526215228) (0.4787919467094988) 
  (0.7525790677974179) (0.9211780307168156) (0.9979609223109848) (0.4917612944354754) 
  (0.9295651282412634) (0.774719991549257) (0.9973262021944508) (0.5425651952959551) 
  (0.9789109429812759) (0.7104999955807325) (1.098199063887889) (0.5678859385869732) 
  (0.9234883646551884) (0.6933359282559401) (1.011551161242746) (-1.754166246391833) 
  (0.6113235314801806) (0.8800843521713307) (0.8955045779776916) (-1.794494004325426) 
  (0.5985456681348215) (0.9173738969071968) (0.8818791284307282) (0.5303649872664105) 
  (0.8019135251699137) (0.6677356706789618) (0.8535994845596447) (0.5158905320363302) 
  (0.8114293920642843) (0.6411990820617351) (0.9047647678804632) (0.4947562515890615) 
  (0.6263367487857535) (0.8096372874607148) (0.8699457421182673) (0.5208566395845923) 
  (0.6438676332855159) (0.8017151220109964) (0.8382677710825572) (0.5018157328168903) 
  (0.6194210095333055) (0.7872558193461852) (0.8091585601522979) (0.4142639830562387) 
  (0.6828502731329368) (0.7672106426599) (0.7738512510670831) (0.3646993295054322) 
  (0.6130866521354247) (0.7875091179082604) (0.8475929141415792) (0.3815263942836919) 
  (0.7865154355351343) (0.6597879912487644) (0.8938021217269457) (0.3667475838334226) 
  (0.6885874595908261) (0.8547197264602733) (0.8371893204589991) (0.4150098434546021) 
  (0.9454149444927736) (0.6028791035994827) (0.8885762959310072) (9.320764467120171) 
  (1.012587933941149) (0.6380104108948386) (0.923528558107691) (9.354583627222462) 
  (0.6510910899837965) (0.9914973291080901) (0.9046300037245468) (9.353802027040706) 
  (1.07146285889358) (0.6156496760888509) (0.9430113952146324) (9.364844665916436) 
  (1.107701598855201) (0.6973303838277026) (0.9039380682776793) (9.380735601925025) 
  (0.7020482402053175) (1.116706625018846) (0.8592024174200497) (9.321855616792229) 
  (1.15929873881391) (0.6765636870092649) (0.7779607762873451) (9.30100319261421) 
  (0.6486212076009604) (1.121259110538652) (0.818865041060224) (9.226581524580066) 
  (1.089277607526034) (0.6585128589406035) (0.7994743728937317) (4.644272439181805) 
  (1.062255152485195) (0.5760697415859078) (0.7839129463979206) (4.646852533975896) 
  (1.140471624098149) (0.5215999488925627) (0.7901250566731216) (4.695259342355502) 
  (1.132941656273756) (0.5699843234891965) (0.8873771120988305) (4.675972866625877) 
  (1.069425322990766) (0.5474141539859189) (0.7814358555114105) (4.669412497644017) 
  (0.4354776980510268) (1.081419694405001) (0.8068926839442631) (4.603142481738362) 
  (0.4355062544470894) (1.060891124126252) (0.7847928506831211) (4.637642488784359) 
  (0.3305365220142272) (1.01535703146778) (0.7524671290817201) (4.669893113470154) 
  (1.015422845996909) (0.3305819510210886) (0.783050984596626) (4.730529394806647) 
  (0.37359687412452) (1.075902618700137) (0.7240562987828629) (4.743629230146896) 
  (0.9792276753592124) (0.4264861561557534) (0.6535867189222719) (4.700423429773027) 
  (1.064956980014304) (0.4355285573809389) (0.6094348516322924) (4.664101473040693) 
  (1.10035724297154) (0.3957244564707101) (0.6467337513944977) (4.684655797930079) 
  (1.030242390425438) (0.4268418976399015) (0.6630591242796944) (4.629536353965253) 
  (0.4505375389810378) (1.043714944073705) (0.6853259000844967) (4.592416895904505) 
  (1.060727742758423) (0.4208058505543141) (0.6300812936975164) (4.616515421819242) 
  (1.03457394566319) (0.407816291084119) (0.6031923966578508) (4.678792460688127) 
  (0.3912806243053911) (1.037821565780026) (0.6140163136627337) (4.768049846237606) 
  (1.05935629785904) (0.3967936015364449) (0.6005956582240761) (4.83708910539765) 
  (1.030627755937323) (0.3494902472056738) (0.6043934098400167) (4.813597312062496) 
  (0.9998683512388407) (0.2925137165607504) (0.6626570942077051) (4.807153490778315) 
  (1.087859236712822) (0.2519928226520221) (0.7168516051263177) (4.803851158521192) 
  (1.088863154955972) (0.2770822907100065) (0.8571543719886696) (4.769961561366839) 
  (1.137265798430386) (0.2939475939801736) (0.9467591024515926) (4.845433068530686) 
  (1.191808523340141) (0.2591529375220824) (0.9535076883258403) (4.794540505639071) 
  (0.2897830010798959) (1.216855232005833) (0.9635019418176158) (4.806772249101551) 
  (1.16649132818584) (0.315603806262566) (0.9419998542083227) (4.824416176724204) 
  (1.177332147470878) (0.241326007306981) (0.8999999739364531) (4.826079579103342) 
  (0.2047808456656716) (1.132077871394458) (0.9072752169866325) (4.856327776411415) 
  (1.046282676234375) (0.1696518454579204) (0.8359162297550488) (4.858805500226919) 
  (0.2090218148308328) (1.051409240241985) (0.905782772776179) (4.82729894357114) 
  (1.027327435017096) (0.2565261391254131) (0.9393058487353273) (4.80539500418892) 
  (0.2147388191400003) (1.01165444427771) (0.9804040403413987) (4.734733522365032) 
  (0.2658159942201481) (1.064348303947413) (1.040241725318967) (4.784264440989944) 
  (1.077371108209004) (0.2536637307084891) (1.048028175207829) (4.779637719830057) 
  (1.165273964270244) (0.2799599964258529) (1.049419623263646) (4.847699281461571) 
  (0.2653654595555128) (1.191024040861258) (1.080617947580708) (4.820916820662061) 
  (0.41108855568571) (1.136774255123513) (1.113453657555754) (4.870239709463997) 
  (0.3862247737494668) (1.15589144925135) (1.095744013197038) (4.922369139644049) 
  (1.076904406681773) (0.3413839573806393) (1.025117056412508) (4.970531336797563) 
  (1.046556138292866) (0.3411989184318325) (1.041024726379998) (4.990843894786248) 
  (0.2196100353343971) (1.093686215151287) (1.020009151749519) (4.970694488026506) 
  (0.1409894372911538) (1.107207622446355) (1.008421161270775) (4.904799762676017) 
  (1.10440894124254) (0.09791527062293973) (1.026809146142419) (4.960696428664199) 
  (1.055724899659569) (0.1179198590948177) (1.072903941433597) (4.921536396138224) 
  (0.1724375870800144) (1.07733522080996) (1.081396088316045) (4.928520476602903) 
  (1.06091044200127) (0.2221337183352114) (1.030239494749829) (4.971165279198669) 
  (0.1858872789029622) (1.0925954620585) (1.024682017198634) (5.023943442849541) 
  (0.201218337126264) (1.013311788036743) (1.069417802223398) (6.274348562739529) 
  (0.9864556120399884) (0.157324342677644) (1.077949929847499) (6.363162331858988) 
  (0.1717600219701412) (0.9439340674574294) (1.094675855048174) (6.425267856181284) 
  (0.9593020692592739) (0.187358166113993) (1.069359749553522) (6.481485827804615) 
  (0.1748451984247505) (0.9474315210584953) (1.125490976885192) (6.524568054361562) 
  (0.9802078503734083) (0.230776192790183) (1.092039744568119) (6.550627681777407) 
  (0.9617381846309864) (0.2631496528138586) (1.086674993832831) (6.523749830755277) 
  (0.2786936213194359) (0.9285057747715408) (1.088591041370289) (-4.628430094222775) 
  (0.9062143770760073) (0.313596399255355) (1.043556400607946) (-4.617511864688722) 
  (0.9048562862110168) (0.3233024184486093) (1.044426692765211) (-4.543275190164454) 
  (0.4392705533668593) (0.8765821079159337) (1.041517662255701) (-4.644328193259997) 
  (0.8931211639761975) (0.4659300766852932) (1.118332859586937) (-4.653050678695614) 
  (0.5194803563840806) (0.904944125777289) (1.101864510100577) (-4.628065233083806) 
  (0.8689564525489852) (0.5106876773207605) (1.109506357456999) (-4.606626436166528) 
  (0.8765596486150052) (0.4983544453457557) (1.069478448916999) (-4.5968542074126) 
  (0.8289424623199234) (0.5109963825774486) (1.037501207811091) (-4.621028847306142) 
  (0.887069047692396) (0.5212127671311221) (0.9987029977565656) (-4.631058339363114) 
  (0.4883641661715609) (0.8861619674833245) (0.9931274186199006) (-4.69333337609031) 
  (0.6427984633706959) (0.9195447897693004) (0.9908422757041953) (-4.631915716454387) 
  (0.6231107673161599) (0.8873828630366927) (0.9299124808747639) (-4.626393765249567) 
  (0.6542520851986066) (0.8799631684734391) (0.9403499443511958) (-4.634667480404397) 
  (0.6022928298889698) (0.8473696118632649) (0.9197368964003541) (-4.726239511369282) 
  (0.7559083578631499) (0.5879065505113198) (0.940393782252008) (-4.740091916001381) 
  (0.7909912614478303) (0.5884482765358696) (0.9492835195803135) (-4.70871952571818) 
  (0.6912564295042634) (0.8402358594288796) (0.9790294926889345) (-4.714900944498462) 
  (0.7351275863934457) (0.9063983569932161) (0.9126314321712332) (-4.697592691020094) 
  (0.9497880577019152) (0.6973679707429887) (0.9275158117032943) (-4.670845415196852) 
  (0.6856625070789174) (0.9363386393365956) (0.8696442971063768) (-4.596572668630741) 
  (0.9901515102424178) (0.6551444608702246) (0.8819039965084781) (-4.61530516144399) 
  (0.6055710530173738) (0.9570471766214294) (0.9067451002023306) (-4.548761970068653) 
  (0.9261848045110223) (0.6515604477059989) (0.9573657783741349) (-4.575057206808308) 
  (0.6555329844415222) (0.9074262495695925) (1.014473913708273) (-4.641686776427607) 
  (0.8598144137562913) (0.7122634627936401) (1.002734647674312) (-4.628305846166799) 
  (0.7165950033748532) (0.8719571541880196) (1.057321876797446) (-4.668128996681572) 
  (0.7225366936089912) (0.9128722724188832) (1.091351195146394) (-4.734695335531307) 
  (0.7019620465988072) (0.9778267807098519) (1.116782207494669) (-4.743967504550454) 
  (1.01985486801334) (0.6922765655683144) (1.111265817513129) (-4.706673040987659) 
  (0.7138044238435994) (1.101226211459687) (1.154530680253204) (-4.688040718838506) 
  (1.176063829785549) (0.7338560313204643) (1.202403765815812) (-4.775018205405469) 
  (0.7039699780452028) (1.153628366463453) (1.179153299330533) (-4.807226451356683) 
  (1.192799714439196) (0.6964590081347144) (1.215437479280701) (-4.714807747478256) 
  (0.7270777606930613) (1.163704766348969) (1.179459727594349) (-4.81058178954869) 
  (0.6540098263541391) (1.236648237255422) (1.201831531789495) (-4.870710743919441) 
  (1.287083667967855) (0.6361856997937421) (1.064292188449966) (-4.88605710296917) 
  (1.22761537065886) (0.6591626847263541) (1.112372919158133) (-4.889129536637789) 
  (0.7574000367866552) (1.217368532919059) (1.078230033584151) (-4.92072658986518) 
  (1.297338361342607) (0.7496094344995965) (1.10587761801521) (-4.986106057238761) 
  (1.263842032589904) (0.7585868841975412) (1.126565421899961) (-4.928961484006855) 
  (1.261331459354641) (0.801133169540908) (1.066605630570655) (-4.963688047706958) 
  (0.76209762113702) (1.239425069563413) (1.094769635258219) (-4.938003620694712) 
  (1.241302402401355) (0.8309637387962255) (1.136608815431266) (-4.885516747761747) 
  (0.8694018682485746) (1.295410600864443) (1.124010211863256) (-4.901753790519372) 
  (0.9700524257232047) (1.32527517821827) (1.170577973497287) (-4.822031297449232) 
  (1.321516959987698) (0.9082575094987403) (1.169986205142803) (-4.839002357195431) 
  (0.9415256098706047) (1.271601476457102) (1.181322780925358) (-4.824271954164074) 
  (0.9601627853924156) (1.310311505011441) (1.198058682505488) (-4.715198025060628) 
  (1.237842875273168) (0.9788498599573641) (1.251035039350042) (-4.61653809335729) 
  (0.9615671706596758) (1.21204848696971) (1.299314462437791) (-4.579628808586349) 
  (1.195258959992019) (0.8314259517942333) (1.2304022915186) (-4.610567941641214) 
  (1.182281897681968) (0.8006113862953558) (1.263901847003246) (-4.575840370104518) 
  (0.7829256276022581) (1.197837514855569) (1.220801523509425) (-4.503155423292504) 
  (0.8323826491664201) (1.216322980026967) (1.202964607972447) (-4.536306399036758) 
  (1.176410487911686) (0.8451312594798269) (1.209436757910645) (-4.54999280344852) 
  (0.9285810780436927) (1.157936568583071) (1.14024937032762) (-4.496529340612613) 
  (0.9831854474483779) (1.197371822736331) (1.165094269915544) (-4.45334044059354) 
  (1.043781946244447) (1.178309741088509) (1.092236698351048) (-4.411355520137983) 
  (1.02994290792479) (1.117260780433931) (1.112531046261314) (-4.423910874942344) 
  (1.146159824778427) (1.011903983986395) (1.039123631450218) (-4.407554304729228) 
  (1.098419552500385) (1.038426936589972) (1.04831948874106) (-4.425832936568512) 
  (1.087571146376173) (1.121886332978399) (1.05420478280693) (-4.430667069919811) 
  (1.212857808650602) (1.038774475252681) (1.04516066456128) (-4.450690444088433) 
  (1.225959507387557) (1.062660689629801) (1.101926608348685) (-4.573723659930675) 
  (1.058786427472075) (1.275193834301309) (1.051169534222107) (-4.489603212586955) 
  (1.084475667512541) (1.244985396190846) (1.061356061029604) (-4.497654299836293) 
  (1.252530814864074) (1.14918024672446) (1.099847611885097) (-4.514862941712059) 
  (1.28238758614886) (1.142743546960328) (1.059449510324661) (-4.518631655170207) 
  (1.166575340967055) (1.298921335302323) (1.096076581117463) (-4.589152716584807) 
  (1.149502052107718) (1.226849548753371) (1.066410255919741) (-4.561127952720236) 
  (1.176897549720024) (1.185631376431209) (1.06853360817691) (-4.614928585445809) 
  (1.242144613084894) (1.165182690530343) (1.044599298566576) (-4.606102627383663) 
  (1.090280225679656) (1.252808927453421) (1.093680825279463) (-4.592004538615932) 
  (1.060392955059629) (1.334976053461695) (1.155393194204286) (-4.554882155515073) 
  (1.15395257187234) (1.320321716840274) (1.088646286908282) (-4.562837185908825) 
  (1.134043633401803) (1.366527728616624) (1.003962374593548) (-4.546071341032506) 
  (1.327682783475981) (1.150515974598487) (0.9749079337978473) (-4.564633652778745) 
  (1.177704891217887) (1.306306258941259) (0.9753733443147588) (-4.554202775381507) 
  (1.20214290300264) (1.300297619169279) (0.9643034384842649) (-4.584216364316436) 
  (1.185721748496372) (1.228055120791074) (0.9290655048558534) (-4.60625354721756) 
  (1.11887378764115) (1.225591078202606) (0.9072491423696567) (2.604724001139402) 
  (1.096817293501051) (1.213727969818546) (0.9161121489925305) (2.633430405208607) 
  (1.213334626603161) (1.081194791915626) (0.973830331081813) (2.599427648297711) 
  (1.196808172472948) (1.079263571620972) (0.9938044977753417) (2.601779849859015) 
  (1.145180789023973) (1.188356003241733) (1.059347418976197) (2.568406200469315) 
  (1.203362722375648) (1.139150041686317) (1.066750812438019) (2.650046303788524) 
  (1.121555524441524) (1.203925530452594) (1.012536757328143) (2.653636968467661) 
  (1.148295546424404) (1.188200586759706) (1.067223955668225) (2.716444852472633) 
  (1.049285184543179) (1.226300652832253) (1.088317034281657) (2.624536124150695) 
  (1.197769002229996) (1.056273200293268) (1.122985190648255) (2.587134003482155) 
  (1.156076317048579) (1.153692617966373) (1.160616598722414) (2.572520912791429) 
  (1.248751088041548) (1.124328421177236) (1.125072146162877) (2.638459553623626) 
  (1.253752186987712) (1.186448885879517) (1.10861188789542) (2.620308248654987) 
  (1.329987892948121) (1.163966335356085) (1.051548409031036) (2.63484533053591) 
  (1.135545540752552) (1.331017836276513) (1.058772325399362) (2.563958671012377) 
  (1.313663766598247) (1.08137938559767) (1.02315315175876) (2.570357882765217) 
  (1.119786783670457) (1.317662205660225) (0.9928644714320657) (2.521547140301638) 
  (1.104698762337298) (1.364510061920221) (0.9766345621039126) (2.537044766848776) 
  (1.295008960271306) (1.143621567792592) (0.9517425407716479) (2.535369568194343) 
  (1.172534699388818) (1.296959068707626) (0.9643229771468511) (2.492084140306476) 
  (1.275928484682204) (1.1745098394239) (1.089408438167771) (2.575321193096376) 
  (1.294640260003521) (1.158544324393346) (1.079143640641374) (2.654830999398173) 
  (1.142422872891081) (1.302189010625238) (1.051237994236559) (2.614471537886145) 
  (1.161734528425545) (1.313195007011455) (1.034596113050331) (2.646511680319992) 
  (1.306294524055479) (1.108985831470817) (0.9785185700989045) (2.659001678642333) 
  (1.350583383668946) (1.111786168862441) (0.97591999997623) (2.764989969908751) 
  (1.059896009896804) (1.373923446719659) (0.9733200544285295) (2.775265544244621) 
  (1.042341402073875) (1.33193028062485) (0.9988626939086522) (2.741773237420553) 
  (1.0338342757351) (1.330502950815268) (1.071848113138847) (-8.906619688495994) 
  (1.02128657468414) (1.286679470902646) (1.032291137172856) (-8.864041052926963) 
  (1.318884606783165) (0.9644066340885862) (1.048417535996541) (-8.82461610938045) 
  (1.327862201659257) (0.9146273443542769) (1.059227264051942) (-8.827406465456134) 
  (1.25464064929211) (0.8913902910926722) (1.064082974045334) (-8.819443407321291) 
  (1.28824802460234) (0.7877619799307688) (1.033105362509281) (-8.851745443455874) 
  (0.8220107005433308) (1.289619464924006) (1.087581412595138) (-8.796894252697857) 
  (1.225022989992834) (0.8060162399807639) (1.041460666686691) (-8.835254140156895) 
  (0.7521696686504248) (1.221117259032206) (1.065611671968635) (-8.862569674941687) 
  (0.6262060818484281) (1.275181933408971) (1.090868555701117) (-8.870975073231472) 
  (1.246791340306162) (0.6003729265695865) (1.054809376912299) (-8.875851714343307) 
  (1.201452086837798) (0.980690114775879) (0.6424672476705383) (-8.891462780441358) 
  (1.175650194956088) (0.9466848324931394) (0.6563992526829954) (2.68335825176473) 
  (0.8784519641765419) (1.11230362450439) (0.5350636130982432) (2.702691415083396) 
  (1.130916956055605) (0.8817552091179802) (0.5171313959935999) (2.751540704038828) 
  (1.192920762316928) (0.8239101461318085) (0.4620332751519337) (2.769710218690762) 
  (0.8198077225768817) (1.220060686271782) (0.5422089226460119) (2.739898161900618) 
  (0.8298797079697268) (1.068354337607335) (0.5353454606985508) (2.717388699319026) 
  (0.9065356135081803) (1.101158141982239) (0.5380676256188798) (2.738885716238277) 
  (1.065436931305038) (0.8694743794037801) (0.4884145107023262) (2.742340142758058) 
  (0.8550314716446393) (0.9869417601953215) (0.5460277008688504) (2.773633982935853) 
  (0.855034237875407) (0.953013209200663) (0.5992365137690676) (2.809622205146682) 
  (0.8572406889274894) (0.8089104263182438) (0.625998951660945) (2.778698176899974) 
  (0.814273056255289) (0.8054981419114873) (0.5892209796744604) (2.821137977021547) 
  (0.7516533261762058) (0.8753481211512679) (0.7160419774708124) (2.798803174067658) 
  (0.7963360347069985) (0.7388321117144501) (0.7478753332571837) (2.833924142433271) 
  (0.701913155936871) (0.8124707050205572) (0.7426667656137795) (2.878840538757419) 
  (0.8646976783030882) (0.6735836687306946) (0.7598902005067677) (2.894998525006753) 
  (0.9385550566635326) (0.6350458097039648) (0.689772868024402) (2.869778525614995) 
  (0.5988359204784177) (0.9925228794010708) (0.6742988925204901) (2.880012600647343) 
  (0.9577711239469685) (0.6388357594578079) (0.6467256626898414) (2.889604892802937) 
  (0.9386750061918062) (0.6463738736536848) (0.6764614109263195) (2.876825229553884) 
  (0.6944535912758419) (0.9792879624734397) (0.754568283150443) (2.908409583710748) 
  (1.023717421760639) (0.726987895293665) (0.7169487008014891) (3.035657521375262) 
  (1.009519982671725) (0.7898533806116029) (0.7361816191058393) (2.980884091490902) 
  (0.7956027935315936) (0.9882881837032861) (0.7887683166027507) (2.986531001363063) 
  (0.7767920174372434) (0.9760926827895133) (0.7935394594850779) (2.998978769971568) 
  (1.028790412909995) (0.8052161320630881) (0.7804354014585947) (3.002000384379908) 
  (1.066344317730903) (0.8070380018572912) (0.7533073177404743) (2.977809621232403) 
  (1.154042570681504) (0.827325872649755) (0.7969854450166444) (2.960041288396454) 
  (1.095982047752847) (0.8588204113421308) (0.8268915652983415) (3.004036816850654) 
  (0.8423484421588927) (1.074771570421848) (0.801909315805084) (3.041449953428947) 
  (1.04950399655581) (0.8338301969609656) (0.7817427351883246) (3.039934743893143) 
  (0.7966868428022644) (0.991152118775682) (0.7642381868530256) (2.96748223094704) 
  (0.822375164796124) (0.9869846566338543) (0.8512420565309717) (2.945235531258447) 
  (1.03194968125169) (0.7915997364878228) (0.8777020784663953) (2.997126248536271) 
  (1.023593873294743) (0.78120773716695) (0.8287488792317894) (2.985677191868391) 
  (1.019722904231959) (0.7976050040924652) (0.7633431403577411) (2.957876975337878) 
  (0.9719499634751063) (0.8197218642241906) (0.6903022378776159) (3.010589618078415) 
  (0.9795051173304662) (0.8051714116351085) (0.6871529786065681) (3.021812979969113) 
  (0.8053168238531756) (0.9963080950743985) (0.7158952526068628) (2.988386608917253) 
  (0.9880869477277532) (0.8699396459389298) (0.7465679161329698) (2.970790626541772) 
  (0.9436523151593679) (0.9347831738446797) (0.7066340188226227) (2.939988172155244) 
  (0.9138144868806288) (0.8950672909846416) (0.6880287700281278) (2.902753631912323) 
  (0.8640917990055141) (0.9431633337769292) (0.6249273801331899) (2.91274566404739) 
  (0.9221782024649731) (0.8696759845216271) (0.6818007236471438) (2.986827737786782) 
  (0.9697671433536446) (0.9510075664374507) (0.6800666449729559) (3.051865996478439) 
  (0.9529249072500136) (1.027681739143909) (0.646733432573623) (2.991124752486678) 
  (1.095901119108408) (0.902327026801756) (0.6150173516269145) (3.053765552577575) 
  (1.120699873347835) (0.8986382240022222) (0.5597612690739051) (2.989489195145046) 
  (1.210980733370794) (0.8682468932090625) (0.610818044107984) (2.988189374676398) 
  (0.8385340172499672) (1.198147357711204) (0.6241956755075866) (3.028332700178782) 
  (1.190666157372827) (0.7765951182995064) (0.6512043292377436) (2.964751326759194) 
  (0.8053240124960684) (1.177010649994665) (0.6536559925474823) (2.915703288481978) 
  (1.210772607823753) (0.8618059170734277) (0.6187274548408529) (2.927847636852866) 
  (1.252867791881095) (0.8209225001538867) (0.6778569447487711) (2.973727688820532) 
  (1.32104326005336) (0.821055759591869) (0.725514869314027) (3.006500144335023) 
  (1.351378276347136) (0.7761057703802027) (0.7064455327100849) (3.00849850873308) 
  (1.305762800028744) (0.7154085165314635) (0.7325380222118739) (2.933015915749301) 
  (1.274007706820288) (0.7583534518977132) (0.7833935761561258) (2.92087423257837) 
  (1.303932431320228) (0.7431248784786985) (0.8090505743140305) (2.933816070274189) 
  (0.7239247853249657) (1.278726652306532) (0.8199671682133618) (2.861713613405128) 
  (0.8489209112037505) (1.320478670278725) (0.813219119338129) (-4.546510320987814) 
  (1.327750438826095) (0.9015828152848155) (0.8223666067059732) (-4.538846517858394) 
  (1.303343512060378) (0.8872907496165725) (0.8452611754188699) (-4.513798126592328) 
  (0.8705853585952513) (1.322063056113647) (0.898269468585843) (-4.483151119813888) 
  (0.9196707985134162) (1.370518543532385) (0.8736935491044919) (-4.439490363527917) 
  (1.340181430601884) (0.8677336647807924) (0.8836764401349616) (-4.480680748948884) 
  (1.304588102167502) (0.8819383418576979) (0.8600868170172271) (-4.434408605257365) 
  (1.336961840232765) (0.8960375918946992) (0.8499914412164337) (-4.315387993501714) 
  (1.292365560813377) (0.7669923481030029) (0.8388877585650826) (-4.38085027227327) 
  (0.8169424230479394) (1.294250707959231) (0.8322736703125997) (-4.452256851595265) 
  (1.342687608594135) (0.8419224689602625) (0.8731034592275714) (-7.251193369738758) 
  (0.8777746942355389) (1.404962182120255) (0.8098451613859479) (-7.21848121341978) 
  (1.401311689582332) (0.8911615632091283) (0.7781421946166617) (-7.116474777333074) 
  (0.9125686266798905) (1.385779852963112) (0.8286202431415037) (-7.19417599909282) 
  (0.9094596249920527) (1.320584097254711) (0.9219646138665221) (-4.444279752746527) 
  (1.249600826167862) (0.8909882539658398) (0.9237055399572259) (-4.410408598818004) 
  (0.9876438455544632) (1.369836212300403) (0.9779019584074846) (-4.374606181236226) 
  (1.020239090809731) (1.428360893772468) (0.9703446110759998) (-4.370067594433143) 
  (1.043266303586479) (1.544048055172794) (0.9501008686886002) (-4.369695831522008) 
  (1.6319088343875) (1.010471014810969) (0.8815314624584232) (-4.383384595212935) 
  (1.052238089667369) (1.629227053330185) (0.8746279261499262) (-4.383938747172707) 
  (1.668898767246036) (1.126069154022876) (0.7468348471947648) (-4.381783997749848) 
  (1.105101246898908) (1.573389445398345) (0.7518687542555694) (-4.423901587213072) 
  (1.146817938910798) (1.64477807133651) (0.755986064195926) (-4.434216116188234) 
  (1.570407494884581) (1.152757228471227) (0.7574039949712693) (-3.318805280141532) 
  (1.198239301275915) (1.535940690042009) (0.6333086214250485) (-3.315618942921275) 
  (1.169904174541716) (1.532032700466854) (0.7089138111906892) (-3.332979981030724) 
  (1.518040087088993) (1.115725970321895) (0.6585198101792852) (-3.335564272451033) 
  (1.487350445291433) (1.151530074112544) (0.6968600605960362) (0.2465082705020905) 
  (1.149845816037898) (1.436811529118243) (0.6598430873639087) (0.2061115506804876) 
  (1.581402445157509) (1.116393548119978) (0.6284472087787512) (0.246832457134473) 
  (1.135972775975566) (1.501279681242143) (0.6127182164720852) (0.230658666178114) 
  (1.461413890338666) (1.131563497757756) (0.5802399963900065) (0.2312201917842824) 
  (1.414305865046598) (1.164061290451534) (0.5720068299492774) (0.2878162158975626) 
  (1.414750174934668) (1.151023751635794) (0.4939671346698889) (0.3325298486584242) 
  (1.400205039080332) (1.136297722686014) (0.445048125796016) (0.2942885318718705) 
  (1.203592132307978) (1.352802392435572) (0.5031053220219791) (0.2644370222512062) 
  (1.391068053579806) (1.209992768561736) (0.4667178014927021) (0.3431775785458006) 
  (1.172696997932856) (1.382295638166754) (0.3815808051734812) (0.3405838635589813) 
  (1.359176662020295) (1.101160732647521) (0.4311162197677508) (0.299195133305669) 
  (1.137627637637327) (1.331217416693912) (0.3982045245145068) (0.3338711361178395) 
  (1.336980800687981) (1.176255020029706) (0.4005357974062575) (0.3275622837560322) 
  (1.29983693936467) (1.115772300906624) (0.393860245667757) (0.3619402688601375) 
  (1.323877772236817) (1.201843537875496) (0.4435586320805106) (0.3516016700807286) 
  (1.303624571522086) (1.144072288154445) (0.474977660942297) (0.3624480950092361) 
  (1.201914497046387) (1.475710763495293) (0.4316162728078405) (0.3681770788653702) 
  (1.103697140581798) (1.447446609226622) (0.4533444778288498) (0.3537421144650245) 
  (1.164642465738379) (1.503391590952718) (0.4427486580236547) (0.2877158701571849) 
  (1.133542326040047) (1.568943496008464) (0.5044887722373889) (0.3950917889501069) 
  (1.099313714570094) (1.618265184795139) (0.467359862781024) (0.5122800036438149) 
  (1.604594470608782) (1.057050443144047) (0.56386396681657) (0.498513362185753) 
  (1.619094651738778) (1.026266756252971) (0.5974295218935218) (0.4924035656170865) 
  (1.030063132116118) (1.623988649253169) (0.5433595654442538) (0.5252732763546496) 
  (1.034871037115759) (1.586011264940726) (0.5134868776701341) (0.540687895368739) 
  (1.051287020209706) (1.552075579368677) (0.5127340084389397) (0.577554054033004) 
  (0.99181262212806) (1.481221372514295) (0.5373049984005046) (0.6357861428618069) 
  (1.003463082640873) (1.466636246900905) (0.5749648267866849) (0.556337284677995) 
  (1.059370747534968) (1.411920756788563) (0.6208833581119679) (0.5752487739034808) 
  (1.028056129106676) (1.383247562328333) (0.6196711658159106) (0.565716662896466) 
  (1.323233706118735) (1.024003688647051) (0.5626140454592825) (0.6315589561026143) 
  (1.304974522064379) (0.9675907149777865) (0.6521976437296146) (0.5686173860090635) 
  (1.299663325420678) (0.906313855909077) (0.6060542472486663) (0.5498362547586867) 
  (1.343968273709238) (0.8941178583593685) (0.6653505375043381) (0.550450234466397) 
  (0.8712543402981912) (1.290134588471773) (0.5781665101687838) (0.6412890573006824) 
  (0.8524468441066347) (1.235424655714173) (0.6588607670504816) (0.5871693930423211) 
  (0.7865649939425441) (1.247867263506814) (0.7597207074354079) (0.6193854406676382) 
  (0.7741231938646517) (1.27277769361994) (0.7882568631125532) (0.5941675823159246) 
  (1.266461015859736) (0.7966412735045265) (0.7746635592759447) (0.6928598152898575) 
  (0.8124113938352291) (1.26035092027707) (0.7990609521026036) (0.7251304093030301) 
  (1.165634299127366) (0.8099186187125518) (0.7818010392233141) (0.725454375489735) 
  (1.188015398740714) (0.8025569448703552) (0.8014642959835486) (0.7350052895085983) 
  (1.185642037099675) (0.8896462810786622) (0.7779351419128537) (0.7766981651654037) 
  (1.177912870738099) (0.8903286800549429) (0.8543872531722104) (7.570349872112274) 
  (0.864522657063437) (1.219300985274622) (0.8717904354942968) (7.572788641353606) 
  (0.9408148262080698) (1.230279373825165) (0.8837725929690597) (7.574721881838514) 
  (1.261369657258548) (0.902033607068661) (0.919463846106533) (7.611834572235534) 
  (1.289028010195485) (0.9433736353301982) (0.9150612476024963) (7.503306043734289) 
  (1.000936475333327) (1.175912363405225) (0.8595541739666509) (7.542479071919257) 
  (1.1942329558827) (1.014210079390603) (0.8599892758987105) (7.595880509815462) 
  (1.203309118364722) (0.9681191478327715) (0.857446698380509) (7.607722983504192) 
  (1.239375826673478) (0.8797599343250753) (0.8083292590816316) (7.585705693606749) 
  (0.8676018489688868) (1.15378219150821) (0.8247880957143175) (7.533627564920302) 
  (1.161368687326612) (0.8480740517265595) (0.8347833757018343) (7.555274852480744) 
  (1.131300014443127) (0.8491798708479152) (0.8325688303839814) (7.439112685466601) 
  (1.144311865583689) (0.8356803475425094) (0.7848987024381832) (7.533435600284273) 
  (0.7955837674893381) (1.146749274330797) (0.8279191628366451) (7.495699285060349) 
  (1.075900178874502) (0.7989834496332117) (0.8056394365896405) (7.584917312671555) 
  (0.7782680068861294) (1.032668635257191) (0.8389031752295601) (7.549292747248269) 
  (1.028949340754716) (0.8491736032996487) (0.9367580984167695) (7.528531612296911) 
  (0.8989328562423072) (0.9741156142958979) (1.049033037478779) (7.507214905524173) 
  (0.9023884212940555) (0.9882258764683772) (0.9771547415085003) (7.490804374763226) 
  (0.9516068064438289) (0.8410045459060363) (0.9970819772698782) (7.476395870249242) 
  (0.9248353082011525) (0.8954425904494833) (0.9523410333117523) (7.479293319349844) 
  (0.8951205602900908) (0.8922617780770283) (0.9462235994003633) (7.535979683438444) 
  (0.8954743136062348) (0.7966208378681378) (0.9008407660924435) (7.491484983989445) 
  (0.7009506600197336) (0.9577629506432759) (0.9266329303810296) (7.469761586570954) 
  (0.6507156381610947) (1.034352217046256) (0.9445513110175549) (7.455391073595231) 
  (0.6936233978156627) (1.100133946166015) (1.037928539786603) (7.487992516066823) 
  (0.6390798928704589) (1.077936762794693) (1.023675352657703) (7.497382183526429) 
  (1.079724007072001) (0.7009325441172828) (1.025283396461037) (7.454032294873511) 
  (0.6590887592764049) (1.067536588245139) (1.006490875766244) (7.421066861939537) 
  (1.144428236954329) (0.6392868420311222) (0.9745170020918824) (0.9821032544170767) 
  (0.6235343373531878) (1.128994091273589) (0.9876000459213625) (0.9988761118942977) 
  (0.5847085223550892) (1.158048720034635) (1.04762540077909) (1.05127525596658) 
  (0.5752128533000885) (1.131830640796279) (1.035330917723453) (1.075733524139858) 
  (1.133388040132225) (0.6215475001351706) (1.088545221626185) (1.060557586523324) 
  (1.17055013986939) (0.6815652316492629) (1.080199821959397) (1.07319231150655) 
  (0.654811292119474) (1.157370890917512) (1.065044387651607) (1.08156475079285) 
  (1.085528082087553) (1.164895042502308) (0.6080063183680983) (0.08370397591841967) 
  (1.182783406722548) (1.026689078791107) (0.6257511040918563) (0.07584665536092164) 
  (0.9836737397423669) (1.145892664036894) (0.6368432032624755) (0.1070759076489518) 
  (0.9886762151520434) (1.091724211145705) (0.677346924349203) (0.07444073186784028) 
  (0.9998751214235871) (1.019090311408182) (0.746712842308509) (0.1324142722144158) 
  (0.9719253853214398) (0.952100395674955) (0.7968545103851905) (-0.002339626676124584) 
  (1.01828991040484) (0.981350589342361) (0.8906535796281284) (-0.01884853749517925) 
  (1.059551870232928) (1.027840447050113) (0.9346643135231453) (-0.001528408978776419) 
  (0.9972848896227662) (1.055679075574268) (0.8958379824203972) (0.04962114731996466) 
  (1.053041291027777) (1.145615864714467) (0.9340620392145521) (0.07330063139231204) 
  (1.121995591530145) (1.081253774232566) (0.9878945264674606) (0.04715634362400135) 
  (1.055875613086027) (1.103805825701404) (0.956832735457199) (0.03125387082763778) 
  (1.111070397821511) (1.104139200404447) (0.9514689608871731) (-8.015531557612121) 
  (1.194301137911486) (1.108996825105833) (1.01968735083963) (-8.035170676492088) 
  (1.060544893106891) (1.177070112186213) (1.017448014945605) (-8.093866912070297) 
  (1.150190077612383) (1.034090082880418) (0.9960517177063994) (-8.064565313016022) 
  (1.162558682299371) (1.047961543235952) (1.085609725460588) (-8.036729064027362) 
  (1.016626363894882) (1.16959201893887) (1.125816532478919) (-8.118708619761499) 
  (1.052706546409359) (1.138376489656907) (1.112415212282956) (-8.122378155060581) 
  (1.176469233406508) (1.025419750926015) (1.139192045036719) (-8.09702289062343) 
  (1.174073971148367) (0.9566985693574075) (1.160185618548349) (-8.014561575974536) 
  (0.9481723278494452) (1.173680335858483) (1.148950909280108) (-8.064790486451393) 
  (0.8717879301276781) (1.14415453830084) (1.096696479465818) (-8.104037775366418) 
  (1.120897408211379) (0.8198935249436754) (1.047218324157909) (-8.118905178706973) 
  (0.7171255437602895) (1.028834444118636) (1.003796127215656) (-8.097240063449219) 
  (1.045916236283531) (0.6509086675524881) (0.9362934927268032) (-8.111471296600186) 
  (1.007699738865905) (0.663623177138653) (0.9975585698599877) (0.1068528962141321) 
  (0.6242411585928698) (1.029431232926495) (1.046964175008037) (0.1353874352837464) 
  (0.654644962173079) (1.021453103651203) (1.144769630127731) (0.1794921055240524) 
  (1.034855619227899) (0.7210704910927735) (1.196066688308954) (0.1712000999074894) 
  (1.071038871587358) (0.7537198366311436) (1.223861861979979) (-5.443824869580567) 
  (0.7556629872679579) (1.060957118127207) (1.185155062083214) (-5.511286570989149) 
  (0.797146727751209) (1.039778540748958) (1.211786364816726) (-5.492591365472056) 
  (0.8013061659405933) (0.9536749234052677) (1.246122056869098) (-5.422181025568611) 
  (0.8328397226997059) (0.9384377060779751) (1.225369400735073) (-5.40946711627745) 
  (0.8619967871001928) (0.9454575617363725) (1.231963331166066) (-5.456376989572369) 
  (0.9566178762790007) (0.9074853341254255) (1.184320863725796) (-5.516098069573516) 
  (0.881293710779624) (0.9141757225500752) (1.145975978770344) (-5.549247866491551) 
  (0.9249776940682712) (0.880409053317891) (1.149285505175756) (9.464287958107889) 
  (0.8060172852205791) (0.8505324783301225) (1.054703917079892) (9.431477024425945) 
  (0.8364185818512984) (0.7738847771994498) (1.126904301007022) (9.493261836370518) 
  (0.8308922120517237) (0.824172884522519) (1.076694313556002) (9.468724289061321) 
  (0.8529356001909048) (0.7604610701996145) (1.036108759597039) (9.426895368338204) 
  (0.7863376182894107) (0.7777889186999315) (1.033864255645372) (9.416237655535209) 
  (0.7846568006031099) (0.7852432389894279) (1.07790442339369) (9.42560800920015) 
  (0.8030080712710717) (0.7703070597193885) (1.049491487592271) (9.402738745197865) 
  (0.7453025480829863) (0.7364202153953399) (1.06238349893456) (9.465264817906048) 
  (0.8017949463540948) (0.7400187687175183) (1.08207218425378) (9.481242394798247) 
  (0.8479168142092075) (0.749010296804984) (0.9983590655144352) (0.3253339662723957) 
  (0.9251410116776509) (0.6929526465141554) (1.028830570319188) (0.3564035282613619) 
  (0.9314042851607405) (0.6289322961353684) (1.044508831281245) (0.3200947296800085) 
  (0.6333800075924103) (0.9102586079607186) (0.9152054742137474) (0.2991054487678395) 
  (0.9411332762170485) (0.5996672013853287) (0.8700694949183365) (1.86686931643635) 
  (0.9950670465611064) (0.6485197890837786) (0.9059349671478786) (1.854095291338269) 
  (0.6743058611232832) (1.008724833686388) (0.9496013744712404) (1.824559206799028) 
  (1.036936983437091) (0.6576389196135224) (0.9502633093422928) (1.750714526278835) 
  (1.078930953657115) (0.7385417024480061) (0.9533808133198158) (1.745483159797345) 
  (0.9755163336500524) (0.7413238574509035) (1.014926460366792) (1.77237846817777) 
  (0.7581645605754121) (0.9664955448009138) (1.051272331971845) (1.762565456990716) 
  (0.8423884014781602) (0.9702629022409496) (1.05113790495779) (1.813088811651645) 
  (0.9219557694893314) (0.8681705438985897) (1.098928955411022) (1.847331200645485) 
  (0.8537882666506825) (0.8854001214026819) (1.086443421321461) (1.776793316168809) 
  (0.8852413448597438) (0.8196612322902699) (1.053389091535792) (8.653107592836022) 
  (0.8745658839125703) (0.9749300080965403) (1.027818447983594) (1.775247128916579) 
  (0.9418287407160666) (0.9343014761163744) (0.9726453983099622) (1.811330044236121) 
  (0.95161591833166) (0.8841736413253332) (0.9030256768409237) (0.2986895964328218) 
  (0.9383447614457729) (0.8963149829824482) (0.9912053448811683) (0.3438124882260855) 
  (0.9263940321215789) (0.8754203911730968) (1.035167065635422) (0.3380635361199472) 
  (0.8873233712557528) (0.9147328180193178) (0.9334082329858374) (0.3033349302971842) 
  (0.8469008748606827) (1.006347840435491) (0.9964202130897367) (0.2602479930279044) 
  (0.8970288567315963) (1.013476734303506) (1.008792703218736) (0.2246616882150918) 
  (0.9613292854209379) (0.9021066177285084) (1.015001261598454) (0.1992481571889449) 
  (0.8664206544271278) (1.030217944934599) (1.014905352965856) (0.2288009622680031) 
  (1.078325693907531) (0.9347514991193386) (1.055230708695396) (0.2365174132104391) 
  (1.094313381176598) (0.9247632480047483) (1.062258686632452) (0.2378938736709868) 
  (1.125660506248334) (0.8937116394199164) (1.092798851643491) (0.2843270426462187) 
  (1.187997276907875) (0.9013453168733104) (1.054371276517614) (0.2514787542051519) 
  (1.173596636226735) (0.9051560946685068) (1.153281373110834) (0.213535181375766) 
  (0.9236610593501077) (1.12965877381799) (1.257135614405914) (-3.679651897400618) 
  (1.120898204660925) (0.8895887566275436) (1.272319473144453) (-3.671809233622896) 
  (1.033940655129813) (0.9567546937396774) (1.221754246208269) (-3.720712411176923) 
  (0.9992020670199951) (1.127427996784581) (1.272913919879868) (-3.720463048338567) 
  (1.135940320589493) (0.9832602715134888) (1.307706588361844) (-3.67729338438771) 
  (0.9854519720987802) (1.198798636927587) (1.231624675629611) (-3.714673289716896) ]

(0,499) x (0,3)
[ (1,0) (1,1) (1,2) (-1,-1) 
  (2,0) (2,1) (2,2) (-1,-1) 
  (3,1) (3,0) (3,2) (-1,-1) 
  (4,0) (4,1) (4,2) (-1,-1) 
  (5,1) (5,0) (5,2) (-1,-1) 
  (6,1) (6,0) (6,2) (-1,-1) 
  (7,0) (7,1) (7,2) (-1,-1) 
  (8,0) (8,1) (8,2) (-1,-1) 
  (9,1) (9,0) (9,2) (-1,-1) 
  (10,0) (10,1) (10,2) (-1,-1) 
  (11,1) (11,0) (11,2) (-1,-1) 
  (12,0) (12,1) (12,2) (-1,-1) 
  (13,1) (13,0) (13,2) (-1,-1) 
  (14,1) (14,0) (14,2) (-1,-1) 
  (15,1) (15,0) (15,2) (-1,-1) 
  (16,1) (16,0) (16,2) (-1,-1) 
  (17,0) (17,1) (17,2) (-1,-1) 
  (18,1) (18,0) (18,2) (-1,-1) 
  (19,0) (19,1) (19,2) (-1,-1) 
  (20,1) (20,0) (20,2) (-1,-1) 
  (21,1) (21,0) (21,2) (-1,-1) 
  (22,0) (22,1) (22,2) (-1,-1) 
  (23,0) (23,1) (23,2) (-1,-1) 
  (24,1) (24,0) (24,2) (-1,-1) 
  (25,1) (25,0) (25,2) (-1,-1) 
  (26,1) (26,0) (26,2) (-1,-1) 
  (27,1) (27,0) (27,2) (-1,-1) 
  (28,1) (28,0) (28,2) (-1,-1) 
  (29,0) (29,1) (29,2) (-1,-1) 
  (30,0) (30,1) (30,2) (-1,-1) 
  (31,0) (31,1) (31,2) (-1,-1) 
  (32,1) (32,0) (32,2) (-1,-1) 
  (33,1) (33,0) (33,2) (-1,-1) 
  (34,1) (34,0) (34,2) (-1,-1) 
  (35,0) (35,1) (35,2) (-1,-1) 
  (36,0) (36,1) (36,2) (-1,-1) 
  (37,1) (37,0) (37,2) (-1,-1) 
  (38,0) (38,1) (38,2) (-1,-1) 
  (39,1) (39,0) (39,2) (-1,-1) 
  (40,0) (40,1) (40,2) (-1,-1) 
  (41,1) (41,0) (41,2) (-1,-1) 
  (42,0) (42,1) (42,2) (-1,-1) 
  (43,1) (43,0) (43,2) (-1,-1) 
  (44,0) (44,1) (44,2) (-1,-1) 
  (45,1) (45,0) (45,2) (-1,-1) 
  (46,0) (46,1) (46,2) (-1,-1) 
  (47,1) (47,0) (47,2) (-1,-1) 
  (48,0) (48,1) (48,2) (-1,-1) 
  (49,0) (49,1) (49,2) (-1,-1) 
  (50,1) (50,0) (50,2) (-1,-1) 
  (51,0) (51,1) (51,2) (-1,-1) 
  (52,0) (52,1) (52,2) (-1,-1) 
  (53,1) (53,0) (53,2) (-1,-1) 
  (54,0) (54,1) (54,2) (-1,-1) 
  (55,1) (55,0) (55,2) (-1,-1) 
  (56,0) (56,1) (56,2) (-1,-1) 
  (57,1) (57,0) (57,2) (-1,-1) 
  (58,0) (58,1) (58,2) (-1,-1) 
  (59,0) (59,1) (59,2) (-1,-1) 
  (60,0) (60,1) (60,2) (-1,-1) 
  (61,0) (61,1) (61,2) (-1,-1) 
  (62,1) (62,0) (62,2) (-1,-1) 
  (63,1) (63,0) (63,2) (-1,-1) 
  (64,1) (64,0) (64,2) (-1,-1) 
  (65,0) (65,1) (65,2) (-1,-1) 
  (66,1) (66,0) (66,2) (-1,-1) 
  (67,1) (67,0) (67,2) (-1,-1) 
  (68,0) (68,1) (68,2) (-1,-1) 
  (69,1) (69,0) (69,2) (-1,-1) 
  (70,1) (70,0) (70,2) (-1,-1) 
  (71,1) (71,0) (71,2) (-1,-1) 
  (72,1) (72,0) (72,2) (-1,-1) 
  (73,0) (73,1) (73,2) (-1,-1) 
  (74,0) (74,1) (74,2) (-1,-1) 
  (75,0) (75,1) (75,2) (-1,-1) 
  (76,0) (76,1) (76,2) (-1,-1) 
  (77,1) (77,0) (77,2) (-1,-1) 
  (78,0) (78,1) (78,2) (-1,-1) 
  (79,0) (79,1) (79,2) (-1,-1) 
  (80,1) (80,0) (80,2) (-1,-1) 
  (81,1) (81,0) (81,2) (-1,-1) 
  (82,1) (82,0) (82,2) (-1,-1) 
  (83,0) (83,1) (83,2) (-1,-1) 
  (84,0) (84,1) (84,2) (-1,-1) 
  (85,0) (85,1) (85,2) (-1,-1) 
  (86,1) (86,0) (86,2) (-1,-1) 
  (87,1) (87,0) (87,2) (-1,-1) 
  (88,0) (88,1) (88,2) (-1,-1) 
  (89,1) (89,0) (89,2) (-1,-1) 
  (90,1) (90,0) (90,2) (-1,-1) 
  (91,0) (91,1) (91,2) (-1,-1) 
  (92,0) (92,1) (92,2) (-1,-1) 
  (93,0) (93,1) (93,2) (-1,-1) 
  (94,0) (94,1) (94,2) (-1,-1) 
  (95,0) (95,1) (95,2) (-1,-1) 
  (96,0) (96,1) (96,2) (-1,-1) 
  (97,1) (97,0) (97,2) (-1,-1) 
  (98,1) (98,0) (98,2) (-1,-1) 
  (99,0) (99,1) (99,2) (-1,-1) 
  (100,1) (100,0) (100,2) (-1,-1) 
  (101,1) (101,0) (101,2) (-1,-1) 
  (102,1) (102,0) (102,2) (-1,-1) 
  (103,1) (103,0) (103,2) (-1,-1) 
  (104,1) (104,0) (104,2) (-1,-1) 
  (105,0) (105,1) (105,2) (-1,-1) 
  (106,1) (106,0) (106,2) (-1,-1) 
  (107,0) (107,1) (107,2) (-1,-1) 
  (108,1) (108,0) (108,2) (-1,-1) 
  (109,0) (109,1) (109,2) (-1,-1) 
  (110,0) (110,1) (110,2) (-1,-1) 
  (111,1) (111,0) (111,2) (-1,-1) 
  (112,0) (112,1) (112,2) (-1,-1) 
  (113,1) (113,0) (113,2) (-1,-1) 
  (114,0) (114,1) (114,2) (-1,-1) 
  (115,1) (115,0) (115,2) (-1,-1) 
  (116,0) (116,1) (116,2) (-1,-1) 
  (117,1) (117,0) (117,2) (-1,-1) 
  (118,1) (118,0) (118,2) (-1,-1) 
  (119,1) (119,0) (119,2) (-1,-1) 
  (120,0) (120,1) (120,2) (-1,-1) 
  (121,1) (121,0) (121,2) (-1,-1) 
  (122,1) (122,0) (122,2) (-1,-1) 
  (123,1) (123,0) (123,2) (-1,-1) 
  (124,1) (124,0) (124,2) (-1,-1) 
  (125,1) (125,0) (125,2) (-1,-1) 
  (126,0) (126,1) (126,2) (-1,-1) 
  (127,1) (127,0) (127,2) (-1,-1) 
  (128,1) (128,0) (128,2) (-1,-1) 
  (129,0) (129,1) (129,2) (-1,-1) 
  (130,1) (130,0) (130,2) (-1,-1) 
  (131,1) (131,0) (131,2) (-1,-1) 
  (132,1) (132,0) (132,2) (-1,-1) 
  (133,1) (133,0) (133,2) (-1,-1) 
  (134,0) (134,1) (134,2) (-1,-1) 
  (135,0) (135,1) (135,2) (-1,-1) 
  (136,0) (136,1) (136,2) (-1,-1) 
  (137,1) (137,0) (137,2) (-1,-1) 
  (138,0) (138,1) (138,2) (-1,-1) 
  (139,0) (139,1) (139,2) (-1,-1) 
  (140,0) (140,1) (140,2) (-1,-1) 
  (141,0) (141,1) (141,2) (-1,-1) 
  (142,1) (142,0) (142,2) (-1,-1) 
  (143,0) (143,1) (143,2) (-1,-1) 
  (144,1) (144,0) (144,2) (-1,-1) 
  (145,0) (145,1) (145,2) (-1,-1) 
  (146,1) (146,0) (146,2) (-1,-1) 
  (147,1) (147,0) (147,2) (-1,-1) 
  (148,1) (148,0) (148,2) (-1,-1) 
  (149,1) (149,0) (149,2) (-1,-1) 
  (150,1) (150,0) (150,2) (-1,-1) 
  (151,1) (151,0) (151,2) (-1,-1) 
  (152,1) (152,0) (152,2) (-1,-1) 
  (153,1) (153,0) (153,2) (-1,-1) 
  (154,0) (154,1) (154,2) (-1,-1) 
  (155,0) (155,1) (155,2) (-1,-1) 
  (156,1) (156,0) (156,2) (-1,-1) 
  (157,1) (157,0) (157,2) (-1,-1) 
  (158,1) (158,0) (158,2) (-1,-1) 
  (159,1) (159,0) (159,2) (-1,-1) 
  (160,1) (160,0) (160,2) (-1,-1) 
  (161,1) (161,0) (161,2) (-1,-1) 
  (162,0) (162,1) (162,2) (-1,-1) 
  (163,1) (163,0) (163,2) (-1,-1) 
  (164,0) (164,1) (164,2) (-1,-1) 
  (165,1) (165,0) (165,2) (-1,-1) 
  (166,1) (166,0) (166,2) (-1,-1) 
  (167,0) (167,1) (167,2) (-1,-1) 
  (168,0) (168,1) (168,2) (-1,-1) 
  (169,1) (169,0) (169,2) (-1,-1) 
  (170,1) (170,0) (170,2) (-1,-1) 
  (171,1) (171,0) (171,2) (-1,-1) 
  (172,0) (172,1) (172,2) (-1,-1) 
  (173,1) (173,0) (173,2) (-1,-1) 
  (174,1) (174,0) (174,2) (-1,-1) 
  (175,0) (175,1) (175,2) (-1,-1) 
  (176,1) (176,0) (176,2) (-1,-1) 
  (177,1) (177,0) (177,2) (-1,-1) 
  (178,1) (178,0) (178,2) (-1,-1) 
  (179,0) (179,1) (179,2) (-1,-1) 
  (180,1) (180,0) (180,2) (-1,-1) 
  (181,0) (181,1) (181,2) (-1,-1) 
  (182,1) (182,0) (182,2) (-1,-1) 
  (183,1) (183,0) (183,2) (-1,-1) 
  (184,0) (184,1) (184,2) (-1,-1) 
  (185,0) (185,1) (185,2) (-1,-1) 
  (186,0) (186,1) (186,2) (-1,-1) 
  (187,1) (187,0) (187,2) (-1,-1) 
  (188,0) (188,1) (188,2) (-1,-1) 
  (189,1) (189,0) (189,2) (-1,-1) 
  (190,1) (190,0) (190,2) (-1,-1) 
  (191,0) (191,1) (191,2) (-1,-1) 
  (192,1) (192,0) (192,2) (-1,-1) 
  (193,0) (193,1) (193,2) (-1,-1) 
  (194,1) (194,0) (194,2) (-1,-1) 
  (195,0) (195,1) (195,2) (-1,-1) 
  (196,1) (196,0) (196,2) (-1,-1) 
  (197,0) (197,1) (197,2) (-1,-1) 
  (198,0) (198,1) (198,2) (-1,-1) 
  (199,0) (199,1) (199,2) (-1,-1) 
  (200,1) (200,0) (200,2) (-1,-1) 
  (201,0) (201,1) (201,2) (-1,-1) 
  (202,0) (202,1) (202,2) (-1,-1) 
  (203,0) (203,1) (203,2) (-1,-1) 
  (204,1) (204,0) (204,2) (-1,-1) 
  (205,1) (205,0) (205,2) (-1,-1) 
  (206,0) (206,1) (206,2) (-1,-1) 
  (207,0) (207,1) (207,2) (-1,-1) 
  (208,0) (208,1) (208,2) (-1,-1) 
  (209,0) (209,1) (209,2) (-1,-1) 
  (210,1) (210,0) (210,2) (-1,-1) 
  (211,0) (211,1) (211,2) (-1,-1) 
  (212,1) (212,0) (212,2) (-1,-1) 
  (213,0) (213,1) (213,2) (-1,-1) 
  (214,1) (214,0) (214,2) (-1,-1) 
  (215,0) (215,1) (215,2) (-1,-1) 
  (216,0) (216,1) (216,2) (-1,-1) 
  (217,1) (217,0) (217,2) (-1,-1) 
  (218,0) (218,1) (218,2) (-1,-1) 
  (219,0) (219,1) (219,2) (-1,-1) 
  (220,0) (220,1) (220,2) (-1,-1) 
  (221,0) (221,1) (221,2) (-1,-1) 
  (222,1) (222,0) (222,2) (-1,-1) 
  (223,1) (223,0) (223,2) (-1,-1) 
  (224,1) (224,0) (224,2) (-1,-1) 
  (225,0) (225,1) (225,2) (-1,-1) 
  (226,1) (226,0) (226,2) (-1,-1) 
  (227,1) (227,0) (227,2) (-1,-1) 
  (228,1) (228,0) (228,2) (-1,-1) 
  (229,0) (229,1) (229,2) (-1,-1) 
  (230,1) (230,0) (230,2) (-1,-1) 
  (231,0) (231,1) (231,2) (-1,-1) 
  (232,1) (232,0) (232,2) (-1,-1) 
  (233,0) (233,1) (233,2) (-1,-1) 
  (234,1) (234,0) (234,2) (-1,-1) 
  (235,0) (235,1) (235,2) (-1,-1) 
  (236,0) (236,1) (236,2) (-1,-1) 
  (237,0) (237,1) (237,2) (-1,-1) 
  (238,1) (238,0) (238,2) (-1,-1) 
  (239,0) (239,1) (239,2) (-1,-1) 
  (240,0) (240,1) (240,2) (-1,-1) 
  (241,0) (241,1) (241,2) (-1,-1) 
  (242,1) (242,0) (242,2) (-1,-1) 
  (243,1) (243,0) (243,2) (-1,-1) 
  (244,1) (244,0) (244,2) (-1,-1) 
  (245,0) (245,1) (245,2) (-1,-1) 
  (246,1) (246,0) (246,2) (-1,-1) 
  (247,0) (247,2) (247,1) (-1,-1) 
  (248,0) (248,1) (248,2) (-1,-1) 
  (249,1) (249,0) (249,2) (-1,-1) 
  (250,1) (250,0) (250,2) (-1,-1) 
  (251,0) (251,1) (251,2) (-1,-1) 
  (252,1) (252,0) (252,2) (-1,-1) 
  (253,0) (253,1) (253,2) (-1,-1) 
  (254,0) (254,1) (254,2) (-1,-1) 
  (255,1) (255,0) (255,2) (-1,-1) 
  (256,1) (256,0) (256,2) (-1,-1) 
  (257,0) (257,1) (257,2) (-1,-1) 
  (258,1) (258,0) (258,2) (-1,-1) 
  (259,0) (259,1) (259,2) (-1,-1) 
  (260,1) (260,0) (260,2) (-1,-1) 
  (261,1) (261,0) (261,2) (-1,-1) 
  (262,1) (262,0) (262,2) (-1,-1) 
  (263,1) (263,0) (263,2) (-1,-1) 
  (264,0) (264,1) (264,2) (-1,-1) 
  (265,1) (265,0) (265,2) (-1,-1) 
  (266,1) (266,0) (266,2) (-1,-1) 
  (267,0) (267,1) (267,2) (-1,-1) 
  (268,1) (268,0) (268,2) (-1,-1) 
  (269,1) (269,0) (269,2) (-1,-1) 
  (270,0) (270,1) (270,2) (-1,-1) 
  (271,1) (271,0) (271,2) (-1,-1) 
  (272,0) (272,1) (272,2) (-1,-1) 
  (273,1) (273,0) (273,2) (-1,-1) 
  (274,0) (274,1) (274,2) (-1,-1) 
  (275,0) (275,1) (275,2) (-1,-1) 
  (276,0) (276,1) (276,2) (-1,-1) 
  (277,1) (277,0) (277,2) (-1,-1) 
  (278,1) (278,0) (278,2) (-1,-1) 
  (279,1) (279,0) (279,2) (-1,-1) 
  (280,0) (280,1) (280,2) (-1,-1) 
  (281,1) (281,0) (281,2) (-1,-1) 
  (282,0) (282,1) (282,2) (-1,-1) 
  (283,0) (283,1) (283,2) (-1,-1) 
  (284,0) (284,1) (284,2) (-1,-1) 
  (285,0) (285,1) (285,2) (-1,-1) 
  (286,1) (286,0) (286,2) (-1,-1) 
  (287,1) (287,0) (287,2) (-1,-1) 
  (288,0) (288,1) (288,2) (-1,-1) 
  (289,1) (289,0) (289,2) (-1,-1) 
  (290,1) (290,0) (290,2) (-1,-1) 
  (291,1) (291,0) (291,2) (-1,-1) 
  (292,0) (292,1) (292,2) (-1,-1) 
  (293,0) (293,1) (293,2) (-1,-1) 
  (294,1) (294,0) (294,2) (-1,-1) 
  (295,0) (295,1) (295,2) (-1,-1) 
  (296,0) (296,1) (296,2) (-1,-1) 
  (297,1) (297,0) (297,2) (-1,-1) 
  (298,1) (298,0) (298,2) (-1,-1) 
  (299,1) (299,0) (299,2) (-1,-1) 
  (300,1) (300,0) (300,2) (-1,-1) 
  (301,0) (301,1) (301,2) (-1,-1) 
  (302,0) (302,1) (302,2) (-1,-1) 
  (303,0) (303,1) (303,2) (-1,-1) 
  (304,0) (304,1) (304,2) (-1,-1) 
  (305,0) (305,1) (305,2) (-1,-1) 
  (306,0) (306,1) (306,2) (-1,-1) 
  (307,1) (307,0) (307,2) (-1,-1) 
  (308,0) (308,1) (308,2) (-1,-1) 
  (309,1) (309,0) (309,2) (-1,-1) 
  (310,0) (310,1) (310,2) (-1,-1) 
  (311,1) (311,0) (311,2) (-1,-1) 
  (312,0) (312,1) (312,2) (-1,-1) 
  (313,1) (313,0) (313,2) (-1,-1) 
  (314,0) (314,1) (314,2) (-1,-1) 
  (315,0) (315,1) (315,2) (-1,-1) 
  (316,0) (316,1) (316,2) (-1,-1) 
  (317,1) (317,0) (317,2) (-1,-1) 
  (318,1) (318,0) (318,2) (-1,-1) 
  (319,1) (319,0) (319,2) (-1,-1) 
  (320,1) (320,0) (320,2) (-1,-1) 
  (321,1) (321,0) (321,2) (-1,-1) 
  (322,0) (322,1) (322,2) (-1,-1) 
  (323,1) (323,0) (323,2) (-1,-1) 
  (324,1) (324,0) (324,2) (-1,-1) 
  (325,0) (325,1) (325,2) (-1,-1) 
  (326,0) (326,1) (326,2) (-1,-1) 
  (327,1) (327,0) (327,2) (-1,-1) 
  (328,1) (328,0) (328,2) (-1,-1) 
  (329,1) (329,0) (329,2) (-1,-1) 
  (330,1) (330,0) (330,2) (-1,-1) 
  (331,0) (331,1) (331,2) (-1,-1) 
  (332,1) (332,0) (332,2) (-1,-1) 
  (333,1) (333,0) (333,2) (-1,-1) 
  (334,0) (334,1) (334,2) (-1,-1) 
  (335,1) (335,0) (335,2) (-1,-1) 
  (336,0) (336,1) (336,2) (-1,-1) 
  (337,1) (337,0) (337,2) (-1,-1) 
  (338,1) (338,0) (338,2) (-1,-1) 
  (339,1) (339,0) (339,2) (-1,-1) 
  (340,1) (340,0) (340,2) (-1,-1) 
  (341,0) (341,1) (341,2) (-1,-1) 
  (342,0) (342,1) (342,2) (-1,-1) 
  (343,0) (343,1) (343,2) (-1,-1) 
  (344,1) (344,0) (344,2) (-1,-1) 
  (345,1) (345,0) (345,2) (-1,-1) 
  (346,1) (346,0) (346,2) (-1,-1) 
  (347,1) (347,0) (347,2) (-1,-1) 
  (348,1) (348,0) (348,2) (-1,-1) 
  (349,1) (349,0) (349,2) (-1,-1) 
  (350,0) (350,1) (350,2) (-1,-1) 
  (351,0) (351,1) (351,2) (-1,-1) 
  (352,0) (352,1) (352,2) (-1,-1) 
  (353,1) (353,0) (353,2) (-1,-1) 
  (354,0) (354,1) (354,2) (-1,-1) 
  (355,0) (355,1) (355,2) (-1,-1) 
  (356,0) (356,1) (356,2) (-1,-1) 
  (357,0) (357,1) (357,2) (-1,-1) 
  (358,1) (358,0) (358,2) (-1,-1) 
  (359,0) (359,1) (359,2) (-1,-1) 
  (360,1) (360,0) (360,2) (-1,-1) 
  (361,0) (361,1) (361,2) (-1,-1) 
  (362,0) (362,1) (362,2) (-1,-1) 
  (363,0) (363,1) (363,2) (-1,-1) 
  (364,0) (364,1) (364,2) (-1,-1) 
  (365,0) (365,1) (365,2) (-1,-1) 
  (366,0) (366,1) (366,2) (-1,-1) 
  (367,1) (367,0) (367,2) (-1,-1) 
  (368,0) (368,1) (368,2) (-1,-1) 
  (369,0) (369,1) (369,2) (-1,-1) 
  (370,0) (370,1) (370,2) (-1,-1) 
  (371,1) (371,0) (371,2) (-1,-1) 
  (372,0) (372,1) (372,2) (-1,-1) 
  (373,0) (373,1) (373,2) (-1,-1) 
  (374,0) (374,1) (374,2) (-1,-1) 
  (375,1) (375,0) (375,2) (-1,-1) 
  (376,1) (376,0) (376,2) (-1,-1) 
  (377,1) (377,0) (377,2) (-1,-1) 
  (378,0) (378,1) (378,2) (-1,-1) 
  (379,0) (379,1) (379,2) (-1,-1) 
  (380,0) (380,1) (380,2) (-1,-1) 
  (381,1) (381,0) (381,2) (-1,-1) 
  (382,0) (382,1) (382,2) (-1,-1) 
  (383,1) (383,0) (383,2) (-1,-1) 
  (384,0) (384,1) (384,2) (-1,-1) 
  (385,1) (385,0) (385,2) (-1,-1) 
  (386,1) (386,0) (386,2) (-1,-1) 
  (387,0) (387,1) (387,2) (-1,-1) 
  (388,0) (388,1) (388,2) (-1,-1) 
  (389,1) (389,0) (389,2) (-1,-1) 
  (390,1) (390,0) (390,2) (-1,-1) 
  (391,0) (391,1) (391,2) (-1,-1) 
  (392,0) (392,1) (392,2) (-1,-1) 
  (393,1) (393,0) (393,2) (-1,-1) 
  (394,1) (394,0) (394,2) (-1,-1) 
  (395,1) (395,0) (395,2) (-1,-1) 
  (396,1) (396,0) (396,2) (-1,-1) 
  (397,1) (397,0) (397,2) (-1,-1) 
  (398,0) (398,1) (398,2) (-1,-1) 
  (399,1) (399,0) (399,2) (-1,-1) 
  (400,0) (400,1) (400,2) (-1,-1) 
  (401,0) (401,1) (401,2) (-1,-1) 
  (402,0) (402,1) (402,2) (-1,-1) 
  (403,1) (403,0) (403,2) (-1,-1) 
  (404,0) (404,1) (404,2) (-1,-1) 
  (405,0) (405,1) (405,2) (-1,-1) 
  (406,0) (406,1) (406,2) (-1,-1) 
  (407,1) (407,0) (407,2) (-1,-1) 
  (408,1) (408,0) (408,2) (-1,-1) 
  (409,1) (409,0) (409,2) (-1,-1) 
  (410,1) (410,0) (410,2) (-1,-1) 
  (411,0) (411,1) (411,2) (-1,-1) 
  (412,0) (412,1) (412,2) (-1,-1) 
  (413,1) (413,0) (413,2) (-1,-1) 
  (414,0) (414,1) (414,2) (-1,-1) 
  (415,1) (415,0) (415,2) (-1,-1) 
  (416,2) (416,1) (416,0) (-1,-1) 
  (417,1) (417,0) (417,2) (-1,-1) 
  (418,1) (418,0) (418,2) (-1,-1) 
  (419,0) (419,1) (419,2) (-1,-1) 
  (420,1) (420,0) (420,2) (-1,-1) 
  (421,0) (421,1) (421,2) (-1,-1) 
  (422,0) (422,1) (422,2) (-1,-1) 
  (423,0) (423,1) (423,2) (-1,-1) 
  (424,0) (424,1) (424,2) (-1,-1) 
  (425,0) (425,1) (425,2) (-1,-1) 
  (426,1) (426,0) (426,2) (-1,-1) 
  (427,1) (427,0) (427,2) (-1,-1) 
  (428,1) (428,0) (428,2) (-1,-1) 
  (429,1) (429,0) (429,2) (-1,-1) 
  (430,1) (430,0) (430,2) (-1,-1) 
  (431,1) (431,0) (431,2) (-1,-1) 
  (432,0) (432,1) (432,2) (-1,-1) 
  (433,1) (433,0) (433,2) (-1,-1) 
  (434,0) (434,1) (434,2) (-1,-1) 
  (435,1) (435,0) (435,2) (-1,-1) 
  (436,0) (436,1) (436,2) (-1,-1) 
  (437,1) (437,0) (437,2) (-1,-1) 
  (438,0) (438,1) (438,2) (-1,-1) 
  (439,1) (439,0) (439,2) (-1,-1) 
  (440,1) (440,0) (440,2) (-1,-1) 
  (441,1) (441,0) (441,2) (-1,-1) 
  (442,0) (442,1) (442,2) (-1,-1) 
  (443,1) (443,0) (443,2) (-1,-1) 
  (444,0) (444,1) (444,2) (-1,-1) 
  (445,1) (445,0) (445,2) (-1,-1) 
  (446,0) (446,1) (446,2) (-1,-1) 
  (447,1) (447,0) (447,2) (-1,-1) 
  (448,0) (448,1) (448,2) (-1,-1) 
  (449,0) (449,1) (449,2) (-1,-1) 
  (450,0) (450,1) (450,2) (-1,-1) 
  (451,0) (451,1) (451,2) (-1,-1) 
  (452,1) (452,0) (452,2) (-1,-1) 
  (453,0) (453,1) (453,2) (-1,-1) 
  (454,1) (454,0) (454,2) (-1,-1) 
  (455,0) (455,1) (455,2) (-1,-1) 
  (456,1) (456,0) (456,2) (-1,-1) 
  (457,0) (457,1) (457,2) (-1,-1) 
  (458,0) (458,1) (458,2) (-1,-1) 
  (459,0) (459,1) (459,2) (-1,-1) 
  (460,1) (460,0) (460,2) (-1,-1) 
  (461,1) (461,0) (461,2) (-1,-1) 
  (462,1) (462,0) (462,2) (-1,-1) 
  (463,0) (463,1) (463,2) (-1,-1) 
  (464,0) (464,1) (464,2) (-1,-1) 
  (465,0) (465,1) (465,2) (-1,-1) 
  (466,0) (466,1) (466,2) (-1,-1) 
  (467,1) (467,0) (467,2) (-1,-1) 
  (468,1) (468,0) (468,2) (-1,-1) 
  (469,0) (469,1) (469,2) (-1,-1) 
  (470,1) (470,0) (470,2) (-1,-1) 
  (471,1) (471,0) (471,2) (-1,-1) 
  (472,0) (472,1) (472,2) (-1,-1) 
  (473,0) (473,1) (473,2) (-1,-1) 
  (474,1) (474,0) (474,2) (-1,-1) 
  (475,0) (475,1) (475,2) (-1,-1) 
  (476,1) (476,0) (476,2) (-1,-1) 
  (477,0) (477,1) (477,2) (-1,-1) 
  (478,1) (478,0) (478,2) (-1,-1) 
  (479,1) (479,0) (479,2) (-1,-1) 
  (480,0) (480,1) (480,2) (-1,-1) 
  (481,0) (481,1) (481,2) (-1,-1) 
  (482,0) (482,1) (482,2) (-1,-1) 
  (483,1) (483,0) (483,2) (-1,-1) 
  (484,1) (484,0) (484,2) (-1,-1) 
  (485,0) (485,1) (485,2) (-1,-1) 
  (486,0) (486,1) (486,2) (-1,-1) 
  (487,1) (487,0) (487,2) (-1,-1) 
  (488,1) (488,0) (488,2) (-1,-1) 
  (489,1) (489,0) (489,2) (-1,-1) 
  (490,0) (490,1) (490,2) (-1,-1) 
  (491,0) (491,1) (491,2) (-1,-1) 
  (492,0) (492,1) (492,2) (-1,-1) 
  (493,0) (493,1) (493,2) (-1,-1) 
  (494,1) (494,0) (494,2) (-1,-1) 
  (495,1) (495,0) (495,2) (-1,-1) 
  (496,0) (496,1) (496,2) (-1,-1) 
  (497,1) (497,0) (497,2) (-1,-1) 
  (498,1) (498,0) (498,2) (-1,-1) 
  (499,1) (499,0) (499,2) (-1,-1) 
  (0,1) (0,0) (0,2) (-1,-1) ]

(0,499) x (0,3)
[ (499,1) (499,0) (499,2) (-1,-1) 
  (0,0) (0,1) (0,2) (-1,-1) 
  (1,0) (1,1) (1,2) (-1,-1) 
  (2,1) (2,0) (2,2) (-1,-1) 
  (3,0) (3,1) (3,2) (-1,-1) 
  (4,1) (4,0) (4,2) (-1,-1) 
  (5,1) (5,0) (5,2) (-1,-1) 
  (6,0) (6,1) (6,2) (-1,-1) 
  (7,0) (7,1) (7,2) (-1,-1) 
  (8,1) (8,0) (8,2) (-1,-1) 
  (9,0) (9,1) (9,2) (-1,-1) 
  (10,1) (10,0) (10,2) (-1,-1) 
  (11,0) (11,1) (11,2) (-1,-1) 
  (12,1) (12,0) (12,2) (-1,-1) 
  (13,1) (13,0) (13,2) (-1,-1) 
  (14,1) (14,0) (14,2) (-1,-1) 
  (15,1) (15,0) (15,2) (-1,-1) 
  (16,0) (16,1) (16,2) (-1,-1) 
  (17,1) (17,0) (17,2) (-1,-1) 
  (18,0) (18,1) (18,2) (-1,-1) 
  (19,1) (19,0) (19,2) (-1,-1) 
  (20,1) (20,0) (20,2) (-1,-1) 
  (21,0) (21,1) (21,2) (-1,-1) 
  (22,0) (22,1) (22,2) (-1,-1) 
  (23,1) (23,0) (23,2) (-1,-1) 
  (24,1) (24,0) (24,2) (-1,-1) 
  (25,1) (25,0) (25,2) (-1,-1) 
  (26,1) (26,0) (26,2) (-1,-1) 
  (27,1) (27,0) (27,2) (-1,-1) 
  (28,0) (28,1) (28,2) (-1,-1) 
  (29,0) (29,1) (29,2) (-1,-1) 
  (30,0) (30,1) (30,2) (-1,-1) 
  (31,1) (31,0) (31,2) (-1,-1) 
  (32,1) (32,0) (32,2) (-1,-1) 
  (33,1) (33,0) (33,2) (-1,-1) 
  (34,0) (34,1) (34,2) (-1,-1) 
  (35,0) (35,1) (35,2) (-1,-1) 
  (36,1) (36,0) (36,2) (-1,-1) 
  (37,0) (37,1) (37,2) (-1,-1) 
  (38,1) (38,0) (38,2) (-1,-1) 
  (39,0) (39,1) (39,2) (-1,-1) 
  (40,1) (40,0) (40,2) (-1,-1) 
  (41,0) (41,1) (41,2) (-1,-1) 
  (42,1) (42,0) (42,2) (-1,-1) 
  (43,0) (43,1) (43,2) (-1,-1) 
  (44,1) (44,0) (44,2) (-1,-1) 
  (45,0) (45,1) (45,2) (-1,-1) 
  (46,1) (46,0) (46,2) (-1,-1) 
  (47,0) (47,1) (47,2) (-1,-1) 
  (48,0) (48,1) (48,2) (-1,-1) 
  (49,1) (49,0) (49,2) (-1,-1) 
  (50,0) (50,1) (50,2) (-1,-1) 
  (51,0) (51,1) (51,2) (-1,-1) 
  (52,1) (52,0) (52,2) (-1,-1) 
  (53,0) (53,1) (53,2) (-1,-1) 
  (54,1) (54,0) (54,2) (-1,-1) 
  (55,0) (55,1) (55,2) (-1,-1) 
  (56,1) (56,0) (56,2) (-1,-1) 
  (57,0) (57,1) (57,2) (-1,-1) 
  (58,0) (58,1) (58,2) (-1,-1) 
  (59,0) (59,1) (59,2) (-1,-1) 
  (60,0) (60,1) (60,2) (-1,-1) 
  (61,1) (61,0) (61,2) (-1,-1) 
  (62,1) (62,0) (62,2) (-1,-1) 
  (63,1) (63,0) (63,2) (-1,-1) 
  (64,0) (64,1) (64,2) (-1,-1) 
  (65,1) (65,0) (65,2) (-1,-1) 
  (66,1) (66,0) (66,2) (-1,-1) 
  (67,0) (67,1) (67,2) (-1,-1) 
  (68,1) (68,0) (68,2) (-1,-1) 
  (69,1) (69,0) (69,2) (-1,-1) 
  (70,1) (70,0) (70,2) (-1,-1) 
  (71,1) (71,0) (71,2) (-1,-1) 
  (72,0) (72,1) (72,2) (-1,-1) 
  (73,0) (73,1) (73,2) (-1,-1) 
  (74,0) (74,1) (74,2) (-1,-1) 
  (75,0) (75,1) (75,2) (-1,-1) 
  (76,1) (76,0) (76,2) (-1,-1) 
  (77,0) (77,1) (77,2) (-1,-1) 
  (78,0) (78,1) (78,2) (-1,-1) 
  (79,1) (79,0) (79,2) (-1,-1) 
  (80,1) (80,0) (80,2) (-1,-1) 
  (81,1) (81,0) (81,2) (-1,-1) 
  (82,0) (82,1) (82,2) (-1,-1) 
  (83,0) (83,1) (83,2) (-1,-1) 
  (84,0) (84,1) (84,2) (-1,-1) 
  (85,1) (85,0) (85,2) (-1,-1) 
  (86,1) (86,0) (86,2) (-1,-1) 
  (87,0) (87,1) (87,2) (-1,-1) 
  (88,1) (88,0) (88,2) (-1,-1) 
  (89,1) (89,0) (89,2) (-1,-1) 
  (90,0) (90,1) (90,2) (-1,-1) 
  (91,0) (91,1) (91,2) (-1,-1) 
  (92,0) (92,1) (92,2) (-1,-1) 
  (93,0) (93,1) (93,2) (-1,-1) 
  (94,0) (94,1) (94,2) (-1,-1) 
  (95,0) (95,1) (95,2) (-1,-1) 
  (96,1) (96,0) (96,2) (-1,-1) 
  (97,1) (97,0) (97,2) (-1,-1) 
  (98,0) (98,1) (98,2) (-1,-1) 
  (99,1) (99,0) (99,2) (-1,-1) 
  (100,1) (100,0) (100,2) (-1,-1) 
  (101,1) (101,0) (101,2) (-1,-1) 
  (102,1) (102,0) (102,2) (-1,-1) 
  (103,1) (103,0) (103,2) (-1,-1) 
  (104,0) (104,1) (104,2) (-1,-1) 
  (105,1) (105,0) (105,2) (-1,-1) 
  (106,0) (106,1) (106,2) (-1,-1) 
  (107,1) (107,0) (107,2) (-1,-1) 
  (108,0) (108,1) (108,2) (-1,-1) 
  (109,0) (109,1) (109,2) (-1,-1) 
  (110,1) (110,0) (110,2) (-1,-1) 
  (111,0) (111,1) (111,2) (-1,-1) 
  (112,1) (112,0) (112,2) (-1,-1) 
  (113,0) (113,1) (113,2) (-1,-1) 
  (114,1) (114,0) (114,2) (-1,-1) 
  (115,0) (115,1) (115,2) (-1,-1) 
  (116,1) (116,0) (116,2) (-1,-1) 
  (117,1) (117,0) (117,2) (-1,-1) 
  (118,1) (118,0) (118,2) (-1,-1) 
  (119,0) (119,1) (119,2) (-1,-1) 
  (120,1) (120,0) (120,2) (-1,-1) 
  (121,1) (121,0) (121,2) (-1,-1) 
  (122,1) (122,0) (122,2) (-1,-1) 
  (123,1) (123,0) (123,2) (-1,-1) 
  (124,1) (124,0) (124,2) (-1,-1) 
  (125,0) (125,1) (125,2) (-1,-1) 
  (126,1) (126,0) (126,2) (-1,-1) 
  (127,1) (127,0) (127,2) (-1,-1) 
  (128,0) (128,1) (128,2) (-1,-1) 
  (129,1) (129,0) (129,2) (-1,-1) 
  (130,1) (130,0) (130,2) (-1,-1) 
  (131,1) (131,0) (131,2) (-1,-1) 
  (132,1) (132,0) (132,2) (-1,-1) 
  (133,0) (133,1) (133,2) (-1,-1) 
  (134,0) (134,1) (134,2) (-1,-1) 
  (135,0) (135,1) (135,2) (-1,-1) 
  (136,1) (136,0) (136,2) (-1,-1) 
  (137,0) (137,1) (137,2) (-1,-1) 
  (138,0) (138,1) (138,2) (-1,-1) 
  (139,0) (139,1) (139,2) (-1,-1) 
  (140,0) (140,1) (140,2) (-1,-1) 
  (141,1) (141,0) (141,2) (-1,-1) 
  (142,0) (142,1) (142,2) (-1,-1) 
  (143,1) (143,0) (143,2) (-1,-1) 
  (144,0) (144,1) (144,2) (-1,-1) 
  (145,1) (145,0) (145,2) (-1,-1) 
  (146,1) (146,0) (146,2) (-1,-1) 
  (147,1) (147,0) (147,2) (-1,-1) 
  (148,1) (148,0) (148,2) (-1,-1) 
  (149,1) (149,0) (149,2) (-1,-1) 
  (150,1) (150,0) (150,2) (-1,-1) 
  (151,1) (151,0) (151,2) (-1,-1) 
  (152,1) (152,0) (152,2) (-1,-1) 
  (153,0) (153,1) (153,2) (-1,-1) 
  (154,0) (154,1) (154,2) (-1,-1) 
  (155,1) (155,0) (155,2) (-1,-1) 
  (156,1) (156,0) (156,2) (-1,-1) 
  (157,1) (157,0) (157,2) (-1,-1) 
  (158,1) (158,0) (158,2) (-1,-1) 
  (159,1) (159,0) (159,2) (-1,-1) 
  (160,1) (160,0) (160,2) (-1,-1) 
  (161,0) (161,1) (161,2) (-1,-1) 
  (162,1) (162,0) (162,2) (-1,-1) 
  (163,0) (163,1) (163,2) (-1,-1) 
  (164,1) (164,0) (164,2) (-1,-1) 
  (165,1) (165,0) (165,2) (-1,-1) 
  (166,0) (166,1) (166,2) (-1,-1) 
  (167,0) (167,1) (167,2) (-1,-1) 
  (168,1) (168,0) (168,2) (-1,-1) 
  (169,1) (169,0) (169,2) (-1,-1) 
  (170,1) (170,0) (170,2) (-1,-1) 
  (171,0) (171,1) (171,2) (-1,-1) 
  (172,1) (172,0) (172,2) (-1,-1) 
  (173,1) (173,0) (173,2) (-1,-1) 
  (174,0) (174,1) (174,2) (-1,-1) 
  (175,1) (175,0) (175,2) (-1,-1) 
  (176,1) (176,0) (176,2) (-1,-1) 
  (177,1) (177,0) (177,2) (-1,-1) 
  (178,0) (178,1) (178,2) (-1,-1) 
  (179,1) (179,0) (179,2) (-1,-1) 
  (180,0) (180,1) (180,2) (-1,-1) 
  (181,1) (181,0) (181,2) (-1,-1) 
  (182,1) (182,0) (182,2) (-1,-1) 
  (183,0) (183,1) (183,2) (-1,-1) 
  (184,0) (184,1) (184,2) (-1,-1) 
  (185,0) (185,1) (185,2) (-1,-1) 
  (186,1) (186,0) (186,2) (-1,-1) 
  (187,0) (187,1) (187,2) (-1,-1) 
  (188,1) (188,0) (188,2) (-1,-1) 
  (189,1) (189,0) (189,2) (-1,-1) 
  (190,0) (190,1) (190,2) (-1,-1) 
  (191,1) (191,0) (191,2) (-1,-1) 
  (192,0) (192,1) (192,2) (-1,-1) 
  (193,1) (193,0) (193,2) (-1,-1) 
  (194,0) (194,1) (194,2) (-1,-1) 
  (195,1) (195,0) (195,2) (-1,-1) 
  (196,0) (196,1) (196,2) (-1,-1) 
  (197,0) (197,1) (197,2) (-1,-1) 
  (198,0) (198,1) (198,2) (-1,-1) 
  (199,1) (199,0) (199,2) (-1,-1) 
  (200,0) (200,1) (200,2) (-1,-1) 
  (201,0) (201,1) (201,2) (-1,-1) 
  (202,0) (202,1) (202,2) (-1,-1) 
  (203,1) (203,0) (203,2) (-1,-1) 
  (204,1) (204,0) (204,2) (-1,-1) 
  (205,0) (205,1) (205,2) (-1,-1) 
  (206,0) (206,1) (206,2) (-1,-1) 
  (207,0) (207,1) (207,2) (-1,-1) 
  (208,0) (208,1) (208,2) (-1,-1) 
  (209,1) (209,0) (209,2) (-1,-1) 
  (210,0) (210,1) (210,2) (-1,-1) 
  (211,1) (211,0) (211,2) (-1,-1) 
  (212,0) (212,1) (212,2) (-1,-1) 
  (213,1) (213,0) (213,2) (-1,-1) 
  (214,0) (214,1) (214,2) (-1,-1) 
  (215,0) (215,1) (215,2) (-1,-1) 
  (216,1) (216,0) (216,2) (-1,-1) 
  (217,0) (217,1) (217,2) (-1,-1) 
  (218,0) (218,1) (218,2) (-1,-1) 
  (219,0) (219,1) (219,2) (-1,-1) 
  (220,0) (220,1) (220,2) (-1,-1) 
  (221,1) (221,0) (221,2) (-1,-1) 
  (222,1) (222,0) (222,2) (-1,-1) 
  (223,1) (223,0) (223,2) (-1,-1) 
  (224,0) (224,1) (224,2) (-1,-1) 
  (225,1) (225,0) (225,2) (-1,-1) 
  (226,1) (226,0) (226,2) (-1,-1) 
  (227,1) (227,0) (227,2) (-1,-1) 
  (228,0) (228,1) (228,2) (-1,-1) 
  (229,1) (229,0) (229,2) (-1,-1) 
  (230,0) (230,1) (230,2) (-1,-1) 
  (231,1) (231,0) (231,2) (-1,-1) 
  (232,0) (232,1) (232,2) (-1,-1) 
  (233,1) (233,0) (233,2) (-1,-1) 
  (234,0) (234,1) (234,2) (-1,-1) 
  (235,0) (235,1) (235,2) (-1,-1) 
  (236,0) (236,1) (236,2) (-1,-1) 
  (237,1) (237,0) (237,2) (-1,-1) 
  (238,0) (238,1) (238,2) (-1,-1) 
  (239,0) (239,1) (239,2) (-1,-1) 
  (240,0) (240,1) (240,2) (-1,-1) 
  (241,1) (241,0) (241,2) (-1,-1) 
  (242,1) (242,0) (242,2) (-1,-1) 
  (243,1) (243,0) (243,2) (-1,-1) 
  (244,0) (244,1) (244,2) (-1,-1) 
  (245,1) (245,0) (245,2) (-1,-1) 
  (246,0) (246,2) (246,1) (-1,-1) 
  (247,0) (247,1) (247,2) (-1,-1) 
  (248,1) (248,0) (248,2) (-1,-1) 
  (249,1) (249,0) (249,2) (-1,-1) 
  (250,0) (250,1) (250,2) (-1,-1) 
  (251,1) (251,0) (251,2) (-1,-1) 
  (252,0) (252,1) (252,2) (-1,-1) 
  (253,0) (253,1) (253,2) (-1,-1) 
  (254,1) (254,0) (254,2) (-1,-1) 
  (255,1) (255,0) (255,2) (-1,-1) 
  (256,0) (256,1) (256,2) (-1,-1) 
  (257,1) (257,0) (257,2) (-1,-1) 
  (258,0) (258,1) (258,2) (-1,-1) 
  (259,1) (259,0) (259,2) (-1,-1) 
  (260,1) (260,0) (260,2) (-1,-1) 
  (261,1) (261,0) (261,2) (-1,-1) 
  (262,1) (262,0) (262,2) (-1,-1) 
  (263,0) (263,1) (263,2) (-1,-1) 
  (264,1) (264,0) (264,2) (-1,-1) 
  (265,1) (265,0) (265,2) (-1,-1) 
  (266,0) (266,1) (266,2) (-1,-1) 
  (267,1) (267,0) (267,2) (-1,-1) 
  (268,1) (268,0) (268,2) (-1,-1) 
  (269,0) (269,1) (269,2) (-1,-1) 
  (270,1) (270,0) (270,2) (-1,-1) 
  (271,0) (271,1) (271,2) (-1,-1) 
  (272,1) (272,0) (272,2) (-1,-1) 
  (273,0) (273,1) (273,2) (-1,-1) 
  (274,0) (274,1) (274,2) (-1,-1) 
  (275,0) (275,1) (275,2) (-1,-1) 
  (276,1) (276,0) (276,2) (-1,-1) 
  (277,1) (277,0) (277,2) (-1,-1) 
  (278,1) (278,0) (278,2) (-1,-1) 
  (279,0) (279,1) (279,2) (-1,-1) 
  (280,1) (280,0) (280,2) (-1,-1) 
  (281,0) (281,1) (281,2) (-1,-1) 
  (282,0) (282,1) (282,2) (-1,-1) 
  (283,0) (283,1) (283,2) (-1,-1) 
  (284,0) (284,1) (284,2) (-1,-1) 
  (285,1) (285,0) (285,2) (-1,-1) 
  (286,1) (286,0) (286,2) (-1,-1) 
  (287,0) (287,1) (287,2) (-1,-1) 
  (288,1) (288,0) (288,2) (-1,-1) 
  (289,1) (289,0) (289,2) (-1,-1) 
  (290,1) (290,0) (290,2) (-1,-1) 
  (291,0) (291,1) (291,2) (-1,-1) 
  (292,0) (292,1) (292,2) (-1,-1) 
  (293,1) (293,0) (293,2) (-1,-1) 
  (294,0) (294,1) (294,2) (-1,-1) 
  (295,0) (295,1) (295,2) (-1,-1) 
  (296,1) (296,0) (296,2) (-1,-1) 
  (297,1) (297,0) (297,2) (-1,-1) 
  (298,1) (298,0) (298,2) (-1,-1) 
  (299,1) (299,0) (299,2) (-1,-1) 
  (300,0) (300,1) (300,2) (-1,-1) 
  (301,0) (301,1) (301,2) (-1,-1) 
  (302,0) (302,1) (302,2) (-1,-1) 
  (303,0) (303,1) (303,2) (-1,-1) 
  (304,0) (304,1) (304,2) (-1,-1) 
  (305,0) (305,1) (305,2) (-1,-1) 
  (306,1) (306,0) (306,2) (-1,-1) 
  (307,0) (307,1) (307,2) (-1,-1) 
  (308,1) (308,0) (308,2) (-1,-1) 
  (309,0) (309,1) (309,2) (-1,-1) 
  (310,1) (310,0) (310,2) (-1,-1) 
  (311,0) (311,1) (311,2) (-1,-1) 
  (312,1) (312,0) (312,2) (-1,-1) 
  (313,0) (313,1) (313,2) (-1,-1) 
  (314,0) (314,1) (314,2) (-1,-1) 
  (315,0) (315,1) (315,2) (-1,-1) 
  (316,1) (316,0) (316,2) (-1,-1) 
  (317,1) (317,0) (317,2) (-1,-1) 
  (318,1) (318,0) (318,2) (-1,-1) 
  (319,1) (319,0) (319,2) (-1,-1) 
  (320,1) (320,0) (320,2) (-1,-1) 
  (321,0) (321,1) (321,2) (-1,-1) 
  (322,1) (322,0) (322,2) (-1,-1) 
  (323,1) (323,0) (323,2) (-1,-1) 
  (324,0) (324,1) (324,2) (-1,-1) 
  (325,0) (325,1) (325,2) (-1,-1) 
  (326,1) (326,0) (326,2) (-1,-1) 
  (327,1) (327,0) (327,2) (-1,-1) 
  (328,1) (328,0) (328,2) (-1,-1) 
  (329,1) (329,0) (329,2) (-1,-1) 
  (330,0) (330,1) (330,2) (-1,-1) 
  (331,1) (331,0) (331,2) (-1,-1) 
  (332,1) (332,0) (332,2) (-1,-1) 
  (333,0) (333,1) (333,2) (-1,-1) 
  (334,1) (334,0) (334,2) (-1,-1) 
  (335,0) (335,1) (335,2) (-1,-1) 
  (336,1) (336,0) (336,2) (-1,-1) 
  (337,1) (337,0) (337,2) (-1,-1) 
  (338,1) (338,0) (338,2) (-1,-1) 
  (339,1) (339,0) (339,2) (-1,-1) 
  (340,0) (340,1) (340,2) (-1,-1) 
  (341,0) (341,1) (341,2) (-1,-1) 
  (342,0) (342,1) (342,2) (-1,-1) 
  (343,1) (343,0) (343,2) (-1,-1) 
  (344,1) (344,0) (344,2) (-1,-1) 
  (345,1) (345,0) (345,2) (-1,-1) 
  (346,1) (346,0) (346,2) (-1,-1) 
  (347,1) (347,0) (347,2) (-1,-1) 
  (348,1) (348,0) (348,2) (-1,-1) 
  (349,0) (349,1) (349,2) (-1,-1) 
  (350,0) (350,1) (350,2) (-1,-1) 
  (351,0) (351,1) (351,2) (-1,-1) 
  (352,1) (352,0) (352,2) (-1,-1) 
  (353,0) (353,1) (353,2) (-1,-1) 
  (354,0) (354,1) (354,2) (-1,-1) 
  (355,0) (355,1) (355,2) (-1,-1) 
  (356,0) (356,1) (356,2) (-1,-1) 
  (357,1) (357,0) (357,2) (-1,-1) 
  (358,0) (358,1) (358,2) (-1,-1) 
  (359,1) (359,0) (359,2) (-1,-1) 
  (360,0) (360,1) (360,2) (-1,-1) 
  (361,0) (361,1) (361,2) (-1,-1) 
  (362,0) (362,1) (362,2) (-1,-1) 
  (363,0) (363,1) (363,2) (-1,-1) 
  (364,0) (364,1) (364,2) (-1,-1) 
  (365,0) (365,1) (365,2) (-1,-1) 
  (366,1) (366,0) (366,2) (-1,-1) 
  (367,0) (367,1) (367,2) (-1,-1) 
  (368,0) (368,1) (368,2) (-1,-1) 
  (369,0) (369,1) (369,2) (-1,-1) 
  (370,1) (370,0) (370,2) (-1,-1) 
  (371,0) (371,1) (371,2) (-1,-1) 
  (372,0) (372,1) (372,2) (-1,-1) 
  (373,0) (373,1) (373,2) (-1,-1) 
  (374,1) (374,0) (374,2) (-1,-1) 
  (375,1) (375,0) (375,2) (-1,-1) 
  (376,1) (376,0) (376,2) (-1,-1) 
  (377,0) (377,1) (377,2) (-1,-1) 
  (378,0) (378,1) (378,2) (-1,-1) 
  (379,0) (379,1) (379,2) (-1,-1) 
  (380,1) (380,0) (380,2) (-1,-1) 
  (381,0) (381,1) (381,2) (-1,-1) 
  (382,1) (382,0) (382,2) (-1,-1) 
  (383,0) (383,1) (383,2) (-1,-1) 
  (384,1) (384,0) (384,2) (-1,-1) 
  (385,1) (385,0) (385,2) (-1,-1) 
  (386,0) (386,1) (386,2) (-1,-1) 
  (387,0) (387,1) (387,2) (-1,-1) 
  (388,1) (388,0) (388,2) (-1,-1) 
  (389,1) (389,0) (389,2) (-1,-1) 
  (390,0) (390,1) (390,2) (-1,-1) 
  (391,0) (391,1) (391,2) (-1,-1) 
  (392,1) (392,0) (392,2) (-1,-1) 
  (393,1) (393,0) (393,2) (-1,-1) 
  (394,1) (394,0) (394,2) (-1,-1) 
  (395,1) (395,0) (395,2) (-1,-1) 
  (396,1) (396,0) (396,2) (-1,-1) 
  (397,0) (397,1) (397,2) (-1,-1) 
  (398,1) (398,0) (398,2) (-1,-1) 
  (399,0) (399,1) (399,2) (-1,-1) 
  (400,0) (400,1) (400,2) (-1,-1) 
  (401,0) (401,1) (401,2) (-1,-1) 
  (402,1) (402,0) (402,2) (-1,-1) 
  (403,0) (403,1) (403,2) (-1,-1) 
  (404,0) (404,1) (404,2) (-1,-1) 
  (405,0) (405,1) (405,2) (-1,-1) 
  (406,1) (406,0) (406,2) (-1,-1) 
  (407,1) (407,0) (407,2) (-1,-1) 
  (408,1) (408,0) (408,2) (-1,-1) 
  (409,1) (409,0) (409,2) (-1,-1) 
  (410,0) (410,1) (410,2) (-1,-1) 
  (411,0) (411,1) (411,2) (-1,-1) 
  (412,1) (412,0) (412,2) (-1,-1) 
  (413,0) (413,1) (413,2) (-1,-1) 
  (414,1) (414,0) (414,2) (-1,-1) 
  (415,2) (415,1) (415,0) (-1,-1) 
  (416,1) (416,0) (416,2) (-1,-1) 
  (417,1) (417,0) (417,2) (-1,-1) 
  (418,0) (418,1) (418,2) (-1,-1) 
  (419,1) (419,0) (419,2) (-1,-1) 
  (420,0) (420,1) (420,2) (-1,-1) 
  (421,0) (421,1) (421,2) (-1,-1) 
  (422,0) (422,1) (422,2) (-1,-1) 
  (423,0) (423,1) (423,2) (-1,-1) 
  (424,0) (424,1) (424,2) (-1,-1) 
  (425,1) (425,0) (425,2) (-1,-1) 
  (426,1) (426,0) (426,2) (-1,-1) 
  (427,1) (427,0) (427,2) (-1,-1) 
  (428,1) (428,0) (428,2) (-1,-1) 
  (429,1) (429,0) (429,2) (-1,-1) 
  (430,1) (430,0) (430,2) (-1,-1) 
  (431,0) (431,1) (431,2) (-1,-1) 
  (432,1) (432,0) (432,2) (-1,-1) 
  (433,0) (433,1) (433,2) (-1,-1) 
  (434,1) (434,0) (434,2) (-1,-1) 
  (435,0) (435,1) (435,2) (-1,-1) 
  (436,1) (436,0) (436,2) (-1,-1) 
  (437,0) (437,1) (437,2) (-1,-1) 
  (438,1) (438,0) (438,2) (-1,-1) 
  (439,1) (439,0) (439,2) (-1,-1) 
  (440,1) (440,0) (440,2) (-1,-1) 
  (441,0) (441,1) (441,2) (-1,-1) 
  (442,1) (442,0) (442,2) (-1,-1) 
  (443,0) (443,1) (443,2) (-1,-1) 
  (444,1) (444,0) (444,2) (-1,-1) 
  (445,0) (445,1) (445,2) (-1,-1) 
  (446,1) (446,0) (446,2) (-1,-1) 
  (447,0) (447,1) (447,2) (-1,-1) 
  (448,0) (448,1) (448,2) (-1,-1) 
  (449,0) (449,1) (449,2) (-1,-1) 
  (450,0) (450,1) (450,2) (-1,-1) 
  (451,1) (451,0) (451,2) (-1,-1) 
  (452,0) (452,1) (452,2) (-1,-1) 
  (453,1) (453,0) (453,2) (-1,-1) 
  (454,0) (454,1) (454,2) (-1,-1) 
  (455,1) (455,0) (455,2) (-1,-1) 
  (456,0) (456,1) (456,2) (-1,-1) 
  (457,0) (457,1) (457,2) (-1,-1) 
  (458,0) (458,1) (458,2) (-1,-1) 
  (459,1) (459,0) (459,2) (-1,-1) 
  (460,1) (460,0) (460,2) (-1,-1) 
  (461,1) (461,0) (461,2) (-1,-1) 
  (462,0) (462,1) (462,2) (-1,-1) 
  (463,0) (463,1) (463,2) (-1,-1) 
  (464,0) (464,1) (464,2) (-1,-1) 
  (465,0) (465,1) (465,2) (-1,-1) 
  (466,1) (466,0) (466,2) (-1,-1) 
  (467,1) (467,0) (467,2) (-1,-1) 
  (468,0) (468,1) (468,2) (-1,-1) 
  (469,1) (469,0) (469,2) (-1,-1) 
  (470,1) (470,0) (470,2) (-1,-1) 
  (471,0) (471,1) (471,2) (-1,-1) 
  (472,0) (472,1) (472,2) (-1,-1) 
  (473,1) (473,0) (473,2) (-1,-1) 
  (474,0) (474,1) (474,2) (-1,-1) 
  (475,1) (475,0) (475,2) (-1,-1) 
  (476,0) (476,1) (476,2) (-1,-1) 
  (477,1) (477,0) (477,2) (-1,-1) 
  (478,1) (478,0) (478,2) (-1,-1) 
  (479,0) (479,1) (479,2) (-1,-1) 
  (480,0) (480,1) (480,2) (-1,-1) 
  (481,0) (481,1) (481,2) (-1,-1) 
  (482,1) (482,0) (482,2) (-1,-1) 
  (483,1) (483,0) (483,2) (-1,-1) 
  (484,0) (484,1) (484,2) (-1,-1) 
  (485,0) (485,1) (485,2) (-1,-1) 
  (486,1) (486,0) (486,2) (-1,-1) 
  (487,1) (487,0) (487,2) (-1,-1) 
  (488,1) (488,0) (488,2) (-1,-1) 
  (489,0) (489,1) (489,2) (-1,-1) 
  (490,0) (490,1) (490,2) (-1,-1) 
  (491,0) (491,1) (491,2) (-1,-1) 
  (492,0) (492,1) (492,2) (-1,-1) 
  (493,1) (493,0) (493,2) (-1,-1) 
  (494,1) (494,0) (494,2) (-1,-1) 
  (495,0) (495,1) (495,2) (-1,-1) 
  (496,1) (496,0) (496,2) (-1,-1) 
  (497,1) (497,0) (497,2) (-1,-1) 
  (498,1) (498,0) (498,2) (-1,-1) ]

(0,499) x (0,3)
[ 1 1 1 0 
  1 1 1 0 
  1 1 1 0 
  1 1 1 0 
  1 1 1 0 
  1 1 1 0 
  1 1 1 0 
  1 1 1 0 
  1 1 1 0 
  1 1 1 0 
  1 1 1 0 
  1 1 1 0 
  1 1 1 0 
  1 1 1 0 
  1 1 1 0 
  1 1 1 0 
  1 1 1 0 
  1 1 1 0 
  1 1 1 0 
  1 1 1 0 
  1 1 1 0 
  1 1 1 0 
  1 1 1 0 
  1 1 1 0 
  1 1 1 0 
  1 1 1 0 
  1 1 1 0 
  1 1 1 0 
  1 1 1 0 
  1 1 1 0 
  1 1 1 0 
  1 1 1 0 
  1 1 1 0 
  1 1 1 0 
  1 1 1 0 
  1 1 1 0 
  1 1 1 0 
  1 1 1 0 
  1 1 1 0 
  1 1 1 0 
  1 1 1 0 
  1 1 1 0 
  1 1 1 0 
  1 1 1 0 
  1 1 1 0 
  1 1 1 0 
  1 1 1 0 
  1 1 1 0 
  1 1 1 0 
  1 1 1 0 
  1 1 1 0 
  1 1 1 0 
  1 1 1 0 
  1 1 1 0 
  1 1 1 0 
  1 1 1 0 
  1 1 1 0 
  1 1 1 0 
  1 1 1 0 
  1 1 1 0 
  1 1 1 0 
  1 1 1 0 
  1 1 1 0 
  1 1 1 0 
  1 1 1 0 
  1 1 1 0 
  1 1 1 0 
  1 1 1 0 
  1 1 1 0 
  1 1 1 0 
  1 1 1 0 
  1 1 1 0 
  1 1 1 0 
  1 1 1 0 
  1 1 1 0 
  1 1 1 0 
  1 1 1 0 
  1 1 1 0 
  1 1 1 0 
  1 1 1 0 
  1 1 1 0 
  1 1 1 0 
  1 1 1 0 
  1 1 1 0 
  1 1 1 0 
  1 1 1 0 
  1 1 1 0 
  1 1 1 0 
  1 1 1 0 
  1 1 1 0 
  1 1 1 0 
  1 1 1 0 
  1 1 1 0 
  1 1 1 0 
  1 1 1 0 
  1 1 1 0 
  1 1 1 0 
  1 1 1 0 
  1 1 1 0 
  1 1 1 0 
  1 1 1 0 
  1 1 1 0 
  1 1 1 0 
  1 1 1 0 
  1 1 1 0 
  1 1 1 0 
  1 1 1 0 
  1 1 1 0 
  1 1 1 0 
  1 1 1 0 
  1 1 1 0 
  1 1 1 0 
  1 1 1 0 
  1 1 1 0 
  1 1 1 0 
  1 1 1 0 
  1 1 1 0 
  1 1 1 0 
  1 1 1 0 
  1 1 1 0 
  1 1 1 0 
  1 1 1 0 
  1 1 1 0 
  1 1 1 0 
  1 1 1 0 
  1 1 1 0 
  1 1 1 0 
  1 1 1 0 
  1 1 1 0 
  1 1 1 0 
  1 1 1 0 
  1 1 1 0 
  1 1 1 0 
  1 1 1 0 
  1 1 1 0 
  1 1 1 0 
  1 1 1 0 
  1 1 1 0 
  1 1 1 0 
  1 1 1 0 
  1 1 1 0 
  1 1 1 0 
  1 1 1 0 
  1 1 1 0 
  1 1 1 0 
  1 1 1 0 
  1 1 1 0 
  1 1 1 0 
  1 1 1 0 
  1 1 1 0 
  1 1 1 0 
  1 1 1 0 
  1 1 1 0 
  1 1 1 0 
  1 1 1 0 
  1 1 1 0 
  1 1 1 0 
  1 1 1 0 
  1 1 1 0 
  1 1 1 0 
  1 1 1 0 
  1 1 1 0 
  1 1 1 0 
  1 1 1 0 
  1 1 1 0 
  1 1 1 0 
  1 1 1 0 
  1 1 1 0 
  1 1 1 0 
  1 1 1 0 
  1 1 1 0 
  1 1 1 0 
  1 1 1 0 
  1 1 1 0 
  1 1 1 0 
  1 1 1 0 
  1 1 1 0 
  1 1 1 0 
  1 1 1 0 
  1 1 1 0 
  1 1 1 0 
  1 1 1 0 
  1 1 1 0 
  1 1 1 0 
  1 1 1 0 
  1 1 1 0 
  1 1 1 0 
  1 1 1 0 
  1 1 1 0 
  1 1 1 0 
  1 1 1 0 
  1 1 1 0 
  1 1 1 0 
  1 1 1 0 
  1 1 1 0 
  1 1 1 0 
  1 1 1 0 
  1 1 1 0 
  1 1 1 0 
  1 1 1 0 
  1 1 1 0 
  1 1 1 0 
  1 1 1 0 
  1 1 1 0 
  1 1 1 0 
  1 1 1 0 
  1 1 1 0 
  1 1 1 0 
  1 1 1 0 
  1 1 1 0 
  1 1 1 0 
  1 1 1 0 
  1 1 1 0 
  1 1 1 0 
  1 1 1 0 
  1 1 1 0 
  1 1 1 0 
  1 1 1 0 
  1 1 1 0 
  1 1 1 0 
  1 1 1 0 
  1 1 1 0 
  1 1 1 0 
  1 1 1 0 
  1 1 1 0 
  1 1 1 0 
  1 1 1 0 
  1 1 1 0 
  1 1 1 0 
  1 1 1 0 
  1 1 1 0 
  1 1 1 0 
  1 1 1 0 
  1 1 1 0 
  1 1 1 0 
  1 1 1 0 
  1 1 1 0 
  1 1 1 0 
  1 1 1 0 
  1 1 1 0 
  1 1 1 0 
  1 1 1 0 
  1 1 1 0 
  1 1 1 0 
  1 1 1 0 
  1 1 1 0 
  1 1 1 0 
  1 1 1 0 
  1 1 1 0 
  1 1 1 0 
  1 1 1 0 
  1 1 1 0 
  1 1 1 0 
  1 1 1 0 
  1 1 1 0 
  1 1 1 0 
  1 1 1 0 
  1 1 1 0 
  1 1 1 0 
  1 1 1 0 
  1 1 1 0 
  1 1 1 0 
  1 1 1 0 
  1 1 1 0 
  1 1 1 0 
  1 1 1 0 
  1 1 1 0 
  1 1 1 0 
  1 1 1 0 
  1 1 1 0 
  1 1 1 0 
  1 1 1 0 
  1 1 1 0 
  1 1 1 0 
  1 1 1 0 
  1 1 1 0 
  1 1 1 0 
  1 1 1 0 
  1 1 1 0 
  1 1 1 0 
  1 1 1 0 
  1 1 1 0 
  1 1 1 0 
  1 1 1 0 
  1 1 1 0 
  1 1 1 0 
  1 1 1 0 
  1 1 1 0 
  1 1 1 0 
  1 1 1 0 
  1 1 1 0 
  1 1 1 0 
  1 1 1 0 
  1 1 1 0 
  1 1 1 0 
  1 1 1 0 
  1 1 1 0 
  1 1 1 0 
  1 1 1 0 
  1 1 1 0 
  1 1 1 0 
  1 1 1 0 
  1 1 1 0 
  1 1 1 0 
  1 1 1 0 
  1 1 1 0 
  1 1 1 0 
  1 1 1 0 
  1 1 1 0 
  1 1 1 0 
  1 1 1 0 
  1 1 1 0 
  1 1 1 0 
  1 1 1 0 
  1 1 1 0 
  1 1 1 0 
  1 1 1 0 
  1 1 1 0 
  1 1 1 0 
  1 1 1 0 
  1 1 1 0 
  1 1 1 0 
  1 1 1 0 
  1 1 1 0 
  1 1 1 0 
  1 1 1 0 
  1 1 1 0 
  1 1 1 0 
  1 1 1 0 
  1 1 1 0 
  1 1 1 0 
  1 1 1 0 
  1 1 1 0 
  1 1 1 0 
  1 1 1 0 
  1 1 1 0 
  1 1 1 0 
  1 1 1 0 
  1 1 1 0 
  1 1 1 0 
  1 1 1 0 
  1 1 1 0 
  1 1 1 0 
  1 1 1 0 
  1 1 1 0 
  1 1 1 0 
  1 1 1 0 
  1 1 1 0 
  1 1 1 0 
  1 1 1 0 
  1 1 1 0 
  1 1 1 0 
  1 1 1 0 
  1 1 1 0 
  1 1 1 0 
  1 1 1 0 
  1 1 1 0 
  1 1 1 0 
  1 1 1 0 
  1 1 1 0 
  1 1 1 0 
  1 1 1 0 
  1 1 1 0 
  1 1 1 0 
  1 1 1 0 
  1 1 1 0 
  1 1 1 0 
  1 1 1 0 
  1 1 1 0 
  1 1 1 0 
  1 1 1 0 
  1 1 1 0 
  1 1 1 0 
  1 1 1 0 
  1 1 1 0 
  1 1 1 0 
  1 1 1 0 
  1 1 1 0 
  1 1 1 0 
  1 1 1 0 
  1 1 1 0 
  1 1 1 0 
  1 1 1 0 
  1 1 1 0 
  1 1 1 0 
  1 1 1 0 
  1 1 1 0 
  1 1 1 0 
  1 1 1 0 
  1 1 1 0 
  1 1 1 0 
  1 1 1 0 
  1 1 1 0 
  1 1 1 0 
  1 1 1 0 
  1 1 1 0 
  1 1 1 0 
  1 1 1 0 
  1 1 1 0 
  1 1 1 0 
  1 1 1 0 
  1 1 1 0 
  1 1 1 0 
  1 1 1 0 
  1 1 1 0 
  1 1 1 0 
  1 1 1 0 
  1 1 1 0 
  1 1 1 0 
  1 1 1 0 
  1 1 1 0 
  1 1 1 0 
  1 1 1 0 
  1 1 1 0 
  1 1 1 0 
  1 1 1 0 
  1 1 1 0 
  1 1 1 0 
  1 1 1 0 
  1 1 1 0 
  1 1 1 0 
  1 1 1 0 
  1 1 1 0 
  1 1 1 0 
  1 1 1 0 
  1 1 1 0 
  1 1 1 0 
  1 1 1 0 
  1 1 1 0 
  1 1 1 0 
  1 1 1 0 
  1 1 1 0 
  1 1 1 0 
  1 1 1 0 
  1 1 1 0 
  1 1 1 0 
  1 1 1 0 
  1 1 1 0 
  1 1 1 0 
  1 1 1 0 
  1 1 1 0 
  1 1 1 0 
  1 1 1 0 
  1 1 1 0 
  1 1 1 0 
  1 1 1 0 
  1 1 1 0 
  1 1 1 0 
  1 1 1 0 
  1 1 1 0 
  1 1 1 0 
  1 1 1 0 
  1 1 1 0 
  1 1 1 0 
  1 1 1 0 
  1 1 1 0 
  1 1 1 0 
  1 1 1 0 
  1 1 1 0 
  1 1 1 0 
  1 1 1 0 
  1 1 1 0 
  1 1 1 0 
  1 1 1 0 
  1 1 1 0 
  1 1 1 0 
  1 1 1 0 
  1 1 1 0 
  1 1 1 0 
  1 1 1 0 
  1 1 1 0 
  1 1 1 0 
  1 1 1 0 
  1 1 1 0 
  1 1 1 0 
  1 1 1 0 
  1 1 1 0 
  1 1 1 0 
  1 1 1 0 
  1 1 1 0 
  1 1 1 0 
  1 1 1 0 
  1 1 1 0 
  1 1 1 0 
  1 1 1 0 
  1 1 1 0 
  1 1 1 0 
  1 1 1 0 
  1 1 1 0 
  1 1 1 0 
  1 1 1 0 
  1 1 1 0 
  1 1 1 0 
  1 1 1 0 
  1 1 1 0 
  1 1 1 0 
  1 1 1 0 
  1 1 1 0 
  1 1 1 0 
  1 1 1 0 ]

2455607654 3042903215 2837300161 576499360 2470562704 3269830326 2925051546 2462661512 546661767 478790204 2369988540 523072797 1585213234 687144466 2140855105 4035306269 773297094 4249345747 2028565049 1127547818 1049823603 4170360227 751355821 1958448894 48674664 3441106943 3364671522 2428702655 2361551727 1984606471 1284788895 4035545833 3227172818 1903337279 2249249831 1750206284 57736545 2382964718 742068578 1777718993 1187760226 1509129219 1552826276 3493539267 2520622396 237142807 1799285553 3821874480 4251911777 2032415334 3931676698 256653944 3696169965 3817785694 1454105076 3698253834 3290192257 3449813574 120154654 802984905 1690896315 268513039 2229748055 1134137743 1009653059 2530755264 3952513509 639580195 1825162072 4188992591 3521885571 2764824865 3368053829 4192158288 2076163316 1018217514 646896864 2961431743 4188422807 1426074306 3204117262 642921091 1260191250 1489389616 1297860894 650577208 2065864504 3022707725 3878562232 2371545276 2622553489 1907740324 947608392 2655629015 4193663066 2535833545 828557777 2407472529 3491682054 1140536336 3518611234 3051118778 593024603 1472315211 622535940 3385452693 3438965806 2579241362 1466652086 3874401284 410137321 3330590055 417956348 3524774649 1128210111 1750482574 1493348014 3883880755 1587899582 238667427 2333448229 1487824523 2660539899 561667563 2655348745 3883154630 1932306825 3820168013 620739856 1671014007 3145573668 560762401 291636536 1359704729 2740552436 276365468 3640368433 2132860116 1810441312 841407192 800340802 3149157311 1845763418 1423136493 529069668 3385847150 704844841 3806034890 2512172553 1730299248 883169622 3346948797 3485139416 2240421592 1034406797 627314511 3576155093 3628605701 1466605272 132811171 2630764592 2994358045 4038383665 3388311798 1973967673 1487971816 3209428050 2128562999 2677701674 1364717151 2082384903 235441836 4235856729 2943855593 2112140069 1234492647 378791749 221206469 1650227111 4050668086 2485585682 752390946 2664894516 1693650150 551901342 3418171277 2129080896 633226115 2036842903 1338144718 677117133 1279617351 828592440 1477350256 128210174 3852247053 2350786985 2472313848 3336452633 2039452343 2017509998 2677501235 1111938716 2211112255 1585408354 947084703 3451291096 302705711 2082120351 2723340590 2738871722 3306035359 1826428490 4067261261 2389549416 2130239249 2794438652 230314483 253395521 769430587 2488032408 1991876914 3321453186 3632675637 1349855239 2058267117 3020632605 891131836 1074654761 3990535458 2736500581 3148608924 2966888917 3235068552 3308031605 1526549008 770354436 3093714215 360976488 507945734 3411293810 2579539036 4029620168 1603731286 2020341362 1829832705 651049294 536713489 2366080888 245261413 3959541339 2456623514 2353980744 264568186 3608818957 3990277269 413077323 2128379284 3570551235 488937915 2879640206 1460773878 1765186936 2563252619 2632492212 1212496923 2567059512 632250082 545927601 225066994 52799049 4233676090 3039997530 2125208393 103712467 2808632774 767957347 2456732269 2391009119 1590045956 1706619491 1439118331 2191456429 4248277804 3345349408 3542655023 87874515 229194546 2452015662 2561931492 304496954 603036559 177113953 273565003 1990874538 4065384692 3276238643 2230088778 2137650986 890011609 1735728128 2682807837 3790610994 1569932443 1940549850 463067149 1426790541 67664963 2862702962 1684366011 3607005046 2955723891 306478150 1204117465 4184201295 3999365034 569087198 563854907 1847059381 2709871736 12092181 2171084269 237791315 547186048 4251518109 3132611120 4196345077 410660574 4061615320 1475714161 147968896 468313152 1264489246 2392282804 2954451907 849928557 2297768888 3309789474 545895785 3267414523 2314969004 2569650589 2117665123 571916475 1854823117 1726730285 148559423 2943504102 3207424752 2968552125 3175548420 4176898987 1786407245 2779618688 1389355913 2168335431 1514075358 55799235 1662414022 3056042607 3409581561 245112958 2951365441 1276157893 1916140503 1808841469 2716795869 3724338783 904397369 3691967924 1273456516 3755710878 1062883224 4206771692 2356175141 105688142 382528758 2218252469 936687289 2677555688 3424795674 2367971180 742219142 3323107347 2174677594 4277925688 2184079576 2584780825 3155019193 702869156 3753924928 1345583974 124539476 4256742835 4220328343 1815680888 2603793845 1688613291 3749616989 2805136037 1760541427 1417216647 2503655986 1827707337 1376787637 2659625718 2753897774 3233212392 2508893756 3684567021 2329325755 1921572262 1026181433 2013127073 2035460686 1223578721 3637089186 701688125 3871870849 795742833 2359695202 3422038603 3964047378 1097491779 1161839778 4087558183 3011099043 1519458922 2677596484 3479028686 996441429 1479713519 3285864669 1389073825 1414432157 433377105 263317245 579981121 242048144 2866075379 1159363461 4150471385 2872727075 874122479 3755338344 4169236894 3697364828 3293508395 3372322114 2319685155 1799198907 3113346470 2441726115 1124038028 3391592566 346926397 2757002306 2664243866 2202847758 1208306255 4007685315 3088972835 1844274340 330800542 2124358572 1614491438 2471791350 4146850965 810293015 89536481 831601116 1709480891 1985974923 63243620 2862511355 3959830474 2765406499 545487661 2122114027 2396504370 1192869784 3288925996 145835706 2182198870 1069842179 2568448215 3217453197 4037955045 3355531749 902053548 3177877771 3641799424 2880140379 3473927315 2143028166 3222050418 3485121854 3094225529 149087307 921240032 2203154671 900133216 710700152 188047751 429521199 61835687 2255701550 544509219 3231162764 3196910806 1419618781 1646580127 3307976434 2056099991 669572794 796041954 4011024584 3180024811 3772255637 1182363983 4278194855 1492792381 1357635362 2407236677 1117793508 4113937240 2318802283 4046435601 894226711 2497221066 3024629317 2516565956 3013470617 2470183735 458243188 4204643860 1053190414 2586738338 2337844170 2302178053 895059199 2241958501 18569548 3364035243 3328117530 595191866 2439787855 1340699550 4227208013 1865608722 4013442095 3408195011 3008736086 4164251207 1007104742 1638701687 2094733282 3986106361 2003301200 1907241723 1996307075 4171434959 1139014540 3663380455 3123279873 3993338093 1874505247 1603276974 814106016 1948188247 61341010 1320316469 530133579 4272364463 373809 2292761212 2410751441 2822989430 4085683547 4157268280 2995837863 3796136703 3710003055 3735776387 3553597229 305937609 2225066152 3613768668 3986832988 3811960646 4207021157 3063923111 1749052878 3667228279 2639815106 3382212012 1019060798 2793538779 1473495163 3473102022 3859236754 3707753315 1949639785 3902964358 3776738519 474598310 1497113307 2626779155 1902012521 669317906 1939973104 3423520082 2039468607 2822466679 2201537443 158482958 3247274622 2059140828 83484581 925667646 1959398970 87010382 2410643423 3525079302 261 
