3
       318473503	       846266355
         6198442	         6260334
       170768068	       174428446
        12549856	       256081174
        12551250	        13086060
        17283390	       256510474
        17281996	        17283384
        14102964	        21726026
        14104366	        16441482
        14112111	        16449643
        14106726	        21729578
        12707634	        23138208
        12706700	        23131546
         5000000	         9219507
(0,499) x (0,2)
[ (0.3696561448994113) (0.6459414721563441) (-2.623993521268526) 
  (0.3623360257013323) (0.6430249281320352) (-2.559418855698733) 
  (0.367499847542343) (0.5844365378872238) (-2.560187485069036) 
  (0.4910593853819542) (0.571593865836228) (-2.579566315365692) 
  (0.5412449556834806) (0.5643220354408423) (-2.593650637500515) 
  (0.4818476633962163) (0.5911955440802147) (-2.577494163856587) 
  (0.4833081879035541) (0.6732818100341943) (-2.520388017053013) 
  (0.3958810510085052) (0.6180667985170267) (-2.47525599702137) 
  (0.3735569894714058) (0.6168696185716599) (-2.449793551223288) 
  (0.3283076550297296) (0.637459958606778) (-2.471430340407296) 
  (0.3705861532360408) (0.7216644126143) (-2.448495359953069) 
  (0.3193401717513937) (0.7034441713512449) (-2.431770570498212) 
  (0.4054237027099494) (0.6907977106661766) (9.399954904802144) 
  (0.4085715154816849) (0.7185204727775883) (9.457097250895348) 
  (0.4449104622653601) (0.7064073155123148) (9.490985465250441) 
  (0.4380145222039169) (0.7042961093364893) (9.497232634083865) 
  (0.3804586592954541) (0.6596398455298874) (-2.273797946332101) 
  (0.3443185622241908) (0.5883083822632245) (-2.290362322157102) 
  (0.3737977168669644) (0.552435425776485) (-2.269693429476391) 
  (0.3623594316968308) (0.5398343100814452) (-2.243389320011886) 
  (0.450174279033913) (0.5992886143746681) (-2.352462920144565) 
  (0.5440388590440863) (0.5659289824320136) (-2.363764030955596) 
  (0.573121342323366) (0.6454518370927707) (-2.319619979489263) 
  (0.5637201644471667) (0.6821264433970754) (-2.301140116244705) 
  (0.5899030990085579) (0.6332111684552246) (-2.304028866950766) 
  (0.4772413923016707) (0.6068743310646059) (-2.318216965389055) 
  (0.4282316822770049) (0.66419285134794) (-2.3101274067747) 
  (0.4486232361235273) (0.6378870350198593) (-2.275067455659943) 
  (0.4477305349029747) (0.688059236573044) (-2.292333641496142) 
  (0.5281876677451868) (0.6669684459416171) (-2.337105144123223) 
  (0.5184136404869342) (0.701061263578204) (-2.410236027914123) 
  (0.5539133979178279) (0.7151135676470365) (-2.406306886900615) 
  (0.5250795227392958) (0.8028567414959871) (-2.512374420552073) 
  (0.5133206081400048) (0.7915011344353152) (-2.5893181987988) 
  (0.4530384778690801) (0.8085207682693942) (-2.56080521732778) 
  (0.3536679872757776) (0.7856855288763065) (-2.543945900622713) 
  (0.3064686712052511) (0.7623645612307353) (-2.507949158426005) 
  (0.2880141689409264) (0.7672576587941452) (-2.517718717415511) 
  (0.3014834120870463) (0.7827485393350694) (-2.547038639288902) 
  (0.3132876942083593) (0.7676819246237957) (-2.558341666176459) 
  (0.3215155021570311) (0.806228605657342) (-2.624798879717219) 
  (0.3177643878663439) (0.8769914856718808) (-2.641826849602364) 
  (0.2978124604714487) (0.8637022025904322) (-2.679765951140542) 
  (0.2859943496348145) (0.8266598680305239) (-2.68831901338691) 
  (0.3712429769727884) (0.8781286680527354) (-2.740736823800209) 
  (0.3517953759801995) (0.8723860113071116) (-2.742561583634237) 
  (0.3307976577068108) (0.8494738437844663) (-2.766019845981624) 
  (0.2813641492028408) (0.8823095111190611) (-2.814484905715739) 
  (0.3311874563662074) (0.8964740972257004) (-2.808040827503173) 
  (0.3717602313513593) (0.8864532189471196) (-2.77475428141211) 
  (0.3432294938820973) (0.9158728775217795) (-2.743846280931311) 
  (0.3028432390097476) (0.8990472835017203) (-2.783279359859532) 
  (0.3404741426751038) (0.9260015963434752) (-2.730708215395456) 
  (0.3896283346584396) (0.8620156801346714) (-2.682080998024541) 
  (0.3644956202331509) (0.8575163562911725) (-2.6595818202162) 
  (0.3879598067005994) (0.8760988450398078) (-2.65942901579396) 
  (0.3415665550091446) (0.8369328276007802) (-2.66326648152392) 
  (0.3607026643467813) (0.8829589135512445) (-2.615916974033538) 
  (0.2866147003716986) (0.896189262697263) (-2.596560617832887) 
  (0.2828179454239887) (0.9426194871092002) (-2.584550390339388) 
  (0.301834687974852) (0.9406766915912833) (-2.626226767271906) 
  (0.3470876772569625) (0.907738336625726) (-2.616440558915705) 
  (0.3266283801870011) (0.8896730851708156) (-2.625537665699773) 
  (0.2648779334134032) (0.9246784048772698) (-2.571245692039414) 
  (0.2983559410056462) (0.9764631359808241) (-2.568662900300197) 
  (0.2881763765064301) (1.030078470655659) (-2.631201256455237) 
  (0.2301278726441217) (0.9901308168596381) (-2.586254121323307) 
  (0.2213027172852642) (1.037389467180652) (-2.587726003080415) 
  (0.2943396264133863) (1.03902801910057) (-2.518475473817567) 
  (0.2604801841422764) (1.015744987292889) (-2.573156363559676) 
  (0.2501848096097609) (1.073928145472346) (-2.539100115264387) 
  (0.2103104930704272) (1.033532357709531) (-2.537414949916569) 
  (0.2743673349338287) (0.9386083820005087) (-2.585896709072318) 
  (0.3289029149946564) (0.9569104390002554) (-2.646209441300533) 
  (0.3491061126904583) (0.9541286604439981) (-2.643478894790579) 
  (0.4003147568330817) (1.034382720920602) (-2.587556195218492) 
  (0.4179434730496267) (1.030190788637408) (-2.54811183972667) 
  (0.4432926266649191) (0.9684880925554574) (-2.543151981793766) 
  (0.3831080106746462) (0.9916503062388496) (-2.389852431466659) 
  (0.3394103206110991) (1.016884433762204) (-2.152058407425233) 
  (0.2841747205034572) (0.9863307883749126) (-2.201296841627085) 
  (0.3210152248382366) (0.9748009459567319) (-2.197418077928986) 
  (0.3111594548103145) (0.9860948523558908) (-2.165219601423617) 
  (0.2977636041919904) (0.9526488716350004) (-2.171980027339816) 
  (0.2317604015470639) (0.9301605084168728) (-2.215865554299142) 
  (0.2583687275685475) (0.9738052604613966) (-2.155788790840654) 
  (0.3081584294606581) (0.9435294869173705) (-2.18434231671566) 
  (0.2820180414263998) (0.9265114566285158) (-2.126476079328804) 
  (0.2974844051323223) (0.8636519445044769) (-2.327995533123612) 
  (0.2939580333951448) (0.8734736747500831) (-2.315057171668633) 
  (0.2086642884568699) (0.863686787522522) (-2.321477867215582) 
  (0.2846659346851502) (0.8340132817304295) (-2.351844772911338) 
  (0.3367415058311384) (0.8547263288864516) (-2.358375269673808) 
  (0.431056347310546) (0.8603510710362848) (-2.319181561939519) 
  (0.5121580488856431) (0.8371631148292957) (-2.315294294122515) 
  (0.5092445569019917) (0.882198552876361) (-2.330064029541763) 
  (0.5515914525825774) (0.8122458116033865) (-2.30921561880283) 
  (0.570870857814767) (0.7516859183693805) (-2.296508073462252) 
  (0.5725997318020025) (0.7687021719049958) (-2.298921008912371) 
  (0.5562052175323431) (0.776628074891816) (-2.325014489307536) 
  (0.5991649510342452) (0.7017380010047941) (-2.307561959367131) 
  (0.5939018377958643) (0.6719744009452325) (-2.272873413482538) 
  (0.5696269947438883) (0.7281264482391744) (-2.331536594324453) 
  (0.6196674319063147) (0.7240524462626793) (-2.373900591620052) 
  (0.5296222876158523) (0.6631557260833917) (-2.416586750085208) 
  (0.5943320459140484) (0.6184181497665079) (-2.348723658962967) 
  (0.5180669921018126) (0.7014296225318413) (-2.287182878372136) 
  (0.5215421768957482) (0.671625422004324) (-2.279594581178301) 
  (0.4590906524146247) (0.6204690155985534) (-2.243103116600577) 
  (0.4627185369579615) (0.6109711589439983) (-2.266408748477603) 
  (0.4809542171630909) (0.6564912694225722) (-2.258224227169794) 
  (0.4473765652463206) (0.6099167255085127) (-2.213529343679677) 
  (0.3611436444712492) (0.5686330251061389) (-2.188017483901893) 
  (0.3239361301017335) (0.6095444773042858) (-2.162865286485145) 
  (0.2504609306436142) (0.5909493096013273) (-2.144594269914436) 
  (0.2304494493167252) (0.5945673606309831) (-2.173204023914055) 
  (0.2964997238200902) (0.5703347835782104) (-2.141582065428286) 
  (0.3373101030178565) (0.58951383368004) (-2.152776088710845) 
  (0.3516084835552973) (0.5887771346619084) (-2.173975784639615) 
  (0.3414391506800526) (0.5317159874697307) (-2.241934700224629) 
  (0.3284635440629144) (0.592612240842603) (-2.24808493493669) 
  (0.3981150258819206) (0.6586213975085294) (-2.193774625711046) 
  (0.3406416571924375) (0.6998237789917192) (-2.135827020790728) 
  (0.4363478190821172) (0.7365382191462109) (-2.219358406718429) 
  (0.4439592385284566) (0.732714640103558) (-2.17602357522907) 
  (0.4129108686783607) (0.7630794931745731) (-2.093913186097414) 
  (0.3727671281630999) (0.7526700407858815) (-2.064573066878196) 
  (0.3664770604497973) (0.6931776198982066) (-2.091620538592184) 
  (0.3131558618021493) (0.681924526505459) (-2.071861399652519) 
  (0.2867810120894874) (0.7150871000411729) (-2.168358943189985) 
  (0.2186900326761357) (0.6682056609171376) (-2.177981939458558) 
  (0.1397975610942245) (0.6900450570046512) (-2.226043390459886) 
  (0.1479989401773343) (0.6847305696218899) (-2.211744045010236) 
  (0.1655618112084104) (0.7032903995192694) (-2.234315498834041) 
  (0.1858377179919226) (0.7523219246018983) (-2.217413222956434) 
  (0.259049717879567) (0.7137765618822319) (-2.195513819218208) 
  (0.2991624634321928) (0.6930543448923508) (-2.132258790962573) 
  (0.2495343285136047) (0.7015800246177111) (-2.069715315776373) 
  (0.1949189879477964) (0.6765573425207986) (-2.025467624466947) 
  (0.1969716172686098) (0.6343561286705804) (-2.046081773113164) 
  (0.2227488101989209) (0.6274976413790788) (-2.11131449298814) 
  (0.2546805658026737) (0.645579425475949) (-2.113620791014254) 
  (0.3104738790946047) (0.6407745466052913) (-2.079724944339942) 
  (0.2722589253526888) (0.6717165065270433) (-2.070267384997383) 
  (0.2974005871964256) (0.7280645088599431) (-2.051062655612971) 
  (0.2880802986350071) (0.802089538000952) (-2.051438056642935) 
  (0.317178335880664) (0.8822976432918442) (-2.115856576784285) 
  (0.3536916932689333) (0.874362956932317) (-2.08578875956064) 
  (0.3850832822771308) (0.8782799371618852) (-2.13538818887953) 
  (0.2762628356295302) (0.9098982611432859) (-2.193665549617989) 
  (0.2260846799143992) (0.8653682318575867) (-2.147028001038963) 
  (0.2316834868246714) (0.7616925801571092) (-2.24153348970878) 
  (0.2221934661409579) (0.7601868707100931) (-2.27804372623933) 
  (0.2549531606412948) (0.7539635342785014) (-2.249022052170036) 
  (0.2174121022251421) (0.760928941369227) (-2.228268045370947) 
  (0.1449894428970854) (0.7224422651001567) (-2.119945768633317) 
  (0.1674894184072223) (0.7166363735290815) (-2.148770325828466) 
  (0.08634896783429415) (0.6506649265301702) (-2.061194019061391) 
  (0.07261800299879527) (0.6042913177549655) (-2.087814750329676) 
  (0.1767232542870631) (0.6450920097533371) (-2.115448639386108) 
  (0.1519548292151162) (0.7130515965476318) (-2.046606438344571) 
  (0.1223216767086255) (0.6411886722827215) (-1.98004062248153) 
  (0.1045205600185097) (0.6587968732304095) (-1.899413833935804) 
  (0.07410348712332961) (0.6556169710978349) (-1.861833736638647) 
  (0.03338926402895322) (0.6292213705910026) (-1.843603624125006) 
  (0.08040062699562595) (0.6748150065121863) (-1.813980420103839) 
  (0.09935395500479403) (0.6565610645720305) (-1.810211342499954) 
  (0.1109216689734115) (0.5803201395539366) (-1.749897196918055) 
  (0.05218496940929704) (0.4903286327194882) (-1.769678379706763) 
  (0.06423561537654603) (0.5187300203292881) (-1.806516307917537) 
  (0.103570192226777) (0.515268008898442) (-1.852924263510772) 
  (0.140576170559633) (0.4887684110988344) (-1.908999640706424) 
  (0.0604213497602039) (0.4958097448182481) (-1.888472010260047) 
  (0.06131481855792148) (0.4907526950265702) (-1.843612043044234) 
  (0.06112789686864567) (0.4951749554038016) (-1.884497158800621) 
  (0.116594409036308) (0.5649263153206819) (-1.800346086738319) 
  (0.1904178379589902) (0.5159393566041408) (-1.773503318046005) 
  (0.2741280392263357) (0.4969632681095934) (-1.793784311485977) 
  (0.298815805202696) (0.5387030015056419) (-1.807670073137128) 
  (0.3471237986507476) (0.530844456165441) (-1.835694387743474) 
  (0.3741042542351284) (0.5696021141934052) (-1.824316152667886) 
  (0.3095783060531492) (0.5972085982966412) (-1.812034612198007) 
  (0.3129744173418543) (0.5877437591722157) (-1.740691127902606) 
  (0.3536777699975461) (0.5370502328008463) (-1.755564590295151) 
  (0.2407749177498581) (0.5374382902312538) (-1.689658756164838) 
  (0.2706217967887337) (0.5356868489642639) (-1.002792878765051) 
  (0.3204919801312507) (0.5057425142077778) (-0.9951392266463167) 
  (0.3209672237141128) (0.4689092606640092) (-1.05432214968159) 
  (0.2787067556305942) (0.4406894365064988) (-1.060127838010697) 
  (0.2385195085320144) (0.444449693952921) (-1.103153079381017) 
  (0.2146338438893947) (0.445330432808072) (-1.123228425575607) 
  (0.2342331826664681) (0.435089390650581) (-1.131747333748682) 
  (0.2052841740645496) (0.4457969367503863) (-1.101833604411754) 
  (0.1688765085757748) (0.5094945038608523) (-1.078798553628034) 
  (0.2535357123743964) (0.4637670764885579) (-1.136042240522054) 
  (0.2417191083073318) (0.4679985377944231) (-1.035899448082672) 
  (0.2148966793140869) (0.4400690408348389) (-1.084726415960953) 
  (0.2197297745140017) (0.4701225805511731) (-1.079812011969459) 
  (0.2861357004329462) (0.4654081882567141) (-1.120226750898057) 
  (0.2308971107699776) (0.452649631178637) (-1.138332235546427) 
  (0.2257917285477472) (0.3782317694225742) (-1.104780598793733) 
  (0.1988825660266738) (0.4176731297689849) (-1.158437387336462) 
  (0.2578996992381852) (0.4327535488219183) (-1.157587438181183) 
  (0.2492917519557392) (0.4367141972897144) (-1.08747691017488) 
  (0.2543986322133946) (0.4304575203021196) (4.703104528598487) 
  (0.2424599954392103) (0.4404061454405006) (4.612823857584904) 
  (0.2538909917734538) (0.4356787163374661) (9.12641046001414) 
  (0.2878235220916495) (0.453940740647213) (9.090965270627606) 
  (0.2774623850364132) (0.3657938437801933) (9.07217089555979) 
  (0.328256505471856) (0.3431485761083731) (9.033161120811508) 
  (0.3262492750592315) (0.2617811013808488) (9.04095457643969) 
  (0.3175935281002413) (0.2191111353434647) (9.041310803973381) 
  (0.2891448277304304) (0.3564151638818334) (-1.113286697173469) 
  (0.2836485303768718) (0.3476237416265578) (-1.176516294628585) 
  (0.329765458046423) (0.3311180082885783) (-1.130006485524206) 
  (0.2757476020865866) (0.3283951467119426) (-1.214140081669399) 
  (0.1874336989163277) (0.4253514661216294) (-1.149003661882029) 
  (0.2288704839431846) (0.475013159940599) (-1.106277765576935) 
  (0.2190001840664028) (0.5108204054777914) (-1.08570162041422) 
  (0.2657808339123461) (0.4684672558551748) (-1.047888663825972) 
  (0.2227841357080314) (0.5693374528773377) (-1.018535482258259) 
  (0.2168193236379478) (0.5700045628117048) (-1.014401867424615) 
  (0.269933369872627) (0.5597611451892283) (-1.030553815171965) 
  (0.226468794444772) (0.5603517619395063) (-1.009656833893741) 
  (0.1825274862314619) (0.5442436801962343) (-1.014067430188233) 
  (0.1301146754215743) (0.477594956588935) (-1.089849397973101) 
  (0.1318937520289943) (0.5645141338022729) (-1.116475296403772) 
  (0.07955044405676917) (0.605369584043141) (-1.132549525059414) 
  (0.0888211877085246) (0.6900482347439066) (-1.083968440560194) 
  (0.1032289228765089) (0.5941317420737333) (-1.061594320356498) 
  (0.08507047255932748) (0.6313264663854106) (-1.036154820870068) 
  (0.04764624288734118) (0.6423276173269108) (-1.025599744567048) 
  (0.06113025300844074) (0.5637069720747808) (-1.035366510731824) 
  (0.1290847453988194) (0.5425846531965842) (-0.9730973286282913) 
  (0.1175165082597817) (0.5110057640816597) (-1.006661811804141) 
  (0.1029828353827252) (0.5325462014196757) (-1.017604507554622) 
  (0.1546635014475802) (0.5227903509667972) (-1.02772563529778) 
  (0.2023879504999527) (0.5241364249666509) (-1.04146315263005) 
  (0.1571134936936223) (0.5091334847075728) (-1.112070722460777) 
  (0.1710981139875045) (0.5276379552545122) (-4.620941901037942) 
  (0.2413429875655202) (0.5368275505635414) (-4.534038610889353) 
  (0.2206965529310091) (0.4504587228734022) (-4.480580314811826) 
  (0.1459337344251624) (0.5083920137829192) (-4.582102534116765) 
  (0.1613160800512578) (0.5097280672606977) (-4.555906733184589) 
  (0.06971326612513654) (0.4251023770313118) (-4.536320860640359) 
  (-0.02593778199447977) (0.4491361700935577) (-4.505381434277706) 
  (0.02141254757317307) (0.487548604282745) (-4.504251361392968) 
  (-0.03700057560090716) (0.4630857313378298) (-4.459968179149552) 
  (0.0874764044679759) (0.420527350092357) (-4.468018430236159) 
  (0.03695474063579735) (0.4519997436021567) (-4.532935535261078) 
  (0.03539438981010949) (0.4771390586283612) (-4.540651316069392) 
  (0.0909352094795885) (0.462955726102641) (-4.410557041899652) 
  (0.05417631038418235) (0.4609844739701779) (-4.332409742214716) 
  (0.08578663039488477) (0.5449364357137032) (-4.330500522779865) 
  (0.0182451120796242) (0.5693905116522627) (-4.281888549426302) 
  (0.05091084743786743) (0.5226577851524781) (-4.297279120776262) 
  (0.04080415942574326) (0.5035204216518929) (-4.257388532990126) 
  (0.04295520063038977) (0.5223339528302982) (-4.235679841774213) 
  (0.01809055691672989) (0.5525258071845294) (-0.3180186077952385) 
  (0.02039123294941454) (0.5305980476276989) (-0.2916830587919619) 
  (0.09647689240367781) (0.510207047004048) (-0.228701645040834) 
  (-0.02129023091817403) (0.5224268423473013) (-0.184893040194464) 
  (-0.0280332033264083) (0.543113330379723) (-0.2191008973004976) 
  (-0.02332451645536773) (0.4910472253006706) (-0.3066561981862482) 
  (-0.05649390790708506) (0.4797829892272416) (-0.3091629953713688) 
  (-0.05331131263006837) (0.4530554592010854) (-0.3292096919857851) 
  (0.0141606778636874) (0.4472643910399898) (-0.3410885001640205) 
  (0.05089734192413194) (0.4048324248028127) (-0.3454055609290174) 
  (0.1029009821053664) (0.4687942297591519) (-0.3897477285810039) 
  (0.04257734329041744) (0.4356006404352891) (-0.3727575487459325) 
  (-0.01300077451099829) (0.4171885628863942) (-0.4739892968490785) 
  (0.04023400578073592) (0.3949629024965087) (-0.4782477360110707) 
  (0.01889885445157736) (0.4706971886917934) (-0.4460601994777716) 
  (0.03206106240164389) (0.5072819079135171) (-0.5060475771914298) 
  (-0.0153308823844291) (0.5499583696524696) (-0.4144249814746026) 
  (-0.04777840747270607) (0.5479135124589966) (-0.4360171556327572) 
  (-0.02300840956478183) (0.5788288442070018) (-0.4524502204822658) 
  (-0.01987859340811432) (0.590016731555365) (-0.5190417367011556) 
  (-0.03465154342543451) (0.6088559893508132) (-0.5517784819255186) 
  (-0.03843585196309463) (0.4987306248394116) (-0.4760300990644382) 
  (-0.03462228003093376) (0.5215573934189989) (-0.4316531248939754) 
  (-0.04485276649682599) (0.6135193247282875) (-0.4215806098908665) 
  (0.03253430069852788) (0.611028162983578) (-0.3807714900054758) 
  (0.0279701387683208) (0.6127610500609364) (-0.2691927249510738) 
  (0.06249327499340556) (0.5489600814302219) (-0.1872914285716445) 
  (0.1153674491875297) (0.4647637988422427) (-0.1218749180418131) 
  (0.1028518745088185) (0.4555776676199658) (-0.03840948353372772) 
  (0.134159649451449) (0.5440286703086866) (-0.07510847887243521) 
  (0.0799188251358483) (0.472250570937321) (-0.01386027574458072) 
  (0.04644695386033203) (0.4456462374201006) (-0.05611696245825964) 
  (-0.005307801205862758) (0.5107312762060843) (-0.01442010704132318) 
  (-0.01368381318296417) (0.454721373667093) (-0.02269986189472725) 
  (0.05761858933425063) (0.4472716563941435) (-0.04955116076065684) 
  (0.1180035749940665) (0.4152708289749006) (-7.392312020427369) 
  (0.15018675603426) (0.3952884058589526) (-7.411883065219201) 
  (0.08761206381133238) (0.3879591469436125) (-7.442215659902152) 
  (0.140570027918118) (0.3613085222259397) (-7.488773945054363) 
  (0.1743110304156441) (0.3757097520994235) (-7.474305097469792) 
  (0.1861141700216904) (0.3729127813802323) (-7.506045395985946) 
  (0.2084578918972591) (0.3747565167219646) (-7.49294837795072) 
  (0.1994151131421106) (0.3898982832403367) (-7.516761642907848) 
  (0.2527841235193076) (0.3564072699880875) (-7.486587707766722) 
  (0.1358721896355452) (0.3282756958998423) (-7.437041538540895) 
  (0.1121551988490763) (0.3091332067596421) (-7.394789491123918) 
  (0.1193653504374451) (0.2061143687584319) (-7.384128810624436) 
  (0.1895173195501685) (0.2506165807429736) (-7.379727226087227) 
  (0.1847237382786675) (0.2527865914774956) (-7.426462757490254) 
  (0.1242021910400284) (0.2715031828499891) (-7.452822397481526) 
  (0.1230077379906455) (0.2570737218222865) (-7.436955075727735) 
  (0.1472833088757329) (0.2242123405558094) (-7.425572646920254) 
  (0.1310932965445278) (0.281576836923864) (-7.478342277085329) 
  (0.1150397547199793) (0.381509845607298) (-7.44229711808038) 
  (0.1254795294781422) (0.3904055074957274) (-7.522229952457372) 
  (0.1116164962906412) (0.3928771038153713) (-7.398975134127439) 
  (0.1110449913632295) (0.3802879808314221) (-7.447074187327678) 
  (0.1452302268720662) (0.4016825750871961) (-7.464608410400003) 
  (0.1716333977152603) (0.3954453676278793) (-7.43664651767578) 
  (0.07383822560538764) (0.4975475712559604) (-7.445733433426212) 
  (0.09560443619717919) (0.4802319927049248) (-7.435848899303801) 
  (0.1269645142984681) (0.4871572350526161) (-3.472681911043782) 
  (0.1577253128406152) (0.4542719280650291) (-3.489266761133112) 
  (0.03744172977214351) (0.3827675629932209) (-3.434427575275299) 
  (0.007431179528530937) (0.3962528983137347) (-3.44339132507946) 
  (0.01684334816182508) (0.4056960074802792) (-3.502796449296027) 
  (0.01928775559437904) (0.4066048675929483) (-3.515723125919825) 
  (-0.03993346737960218) (0.3788698776335917) (-3.442191154521067) 
  (0.01995987975608667) (0.345187662138718) (-3.472332760389934) 
  (0.04354931862101816) (0.4282090011570071) (-3.482320518854038) 
  (0.09761532741508755) (0.4413532505698212) (-3.464522939287981) 
  (0.1098819174782094) (0.3735247124909317) (-3.469395601270001) 
  (0.166376774488955) (0.3899933770415647) (-3.462728343720856) 
  (0.2157286754627366) (0.3909587824329024) (-3.487689159343666) 
  (0.22164505757085) (0.3473634529918875) (-3.453663020251379) 
  (0.1884033055777488) (0.3627179463014034) (-3.497972362044313) 
  (0.2337975124702147) (0.3565854691211762) (-3.468637297866812) 
  (0.1660204260644971) (0.3462095801730321) (-3.44410246164656) 
  (0.1636307817897515) (0.3128781091514802) (-3.450998487277073) 
  (0.1218007384842025) (0.3289805700242451) (-3.428751807054207) 
  (0.1112025722189078) (0.2847215107544386) (-3.387016959357879) 
  (0.2258867838174588) (0.4010324560833293) (-3.421646192394867) 
  (0.1730704174630332) (0.4047388388422598) (-3.359217401328594) 
  (0.1862654177917424) (0.3311338071354438) (-3.342059804179025) 
  (0.1346842054752001) (0.3559483784087317) (-3.284043596379255) 
  (0.1478401345763925) (0.2341986699277702) (-3.316429114572972) 
  (0.1470442694979429) (0.1911419383908932) (-3.274113657244128) 
  (0.1485073458640565) (0.1929830979850282) (-3.268120831253456) 
  (0.154228191066508) (0.1720354283325609) (-3.176656229848489) 
  (0.1116439262569063) (0.2521557677416214) (-3.21954136964645) 
  (0.166188717984955) (0.2698445500696504) (-3.239510597895876) 
  (0.1641936413027792) (0.2300813022211682) (-3.255867780688761) 
  (0.1331584478969721) (0.2806159288746748) (-3.212364559498293) 
  (0.155730605443257) (0.2736789774750649) (-3.185681138959608) 
  (0.1775555427013611) (0.2777666121424839) (2.553253909572959) 
  (0.1424521262290821) (0.2632331680778916) (2.562828186686348) 
  (0.1297643072327659) (0.2905333976169533) (2.62639513234418) 
  (0.03754049259036386) (0.2013186607846379) (2.656292849818805) 
  (0.01272133660230128) (0.07904743057864726) (2.672170545138642) 
  (0.02957031175941977) (0.07620859112336278) (2.736743315435129) 
  (0.02628180738601169) (0.09118653264654863) (2.689148287660095) 
  (-0.004332654917377029) (-0.01800580300021626) (2.719171772150319) 
  (-0.01071780127843864) (-0.03411317566626064) (2.744444539902654) 
  (-0.1242009734419396) (-0.04505996878582642) (2.771525048602499) 
  (-0.1503631788284454) (-0.04037688953115197) (-8.94249246455729) 
  (-0.08291858296716843) (-0.05075119490490652) (-8.838868282444166) 
  (-0.04750127124170223) (-0.1109250025385951) (-8.835079547387542) 
  (0.01164029229747892) (-0.07358450838345806) (-8.908065202788183) 
  (0.09515862938986819) (-0.05533284567979073) (-8.966550174260853) 
  (0.174657081898265) (-0.04263459062019632) (-8.984626707750477) 
  (0.1382259372296067) (-0.07285635507683448) (-9.06206075746878) 
  (0.1071581960930672) (-0.09516537202094533) (-9.008585066805782) 
  (0.1050221260460456) (-0.07674710111125177) (-8.90933672263928) 
  (0.08636424791708951) (-0.02023815682575701) (-8.913062612547582) 
  (0.1258878626001666) (0.009496157386705895) (-8.958835842540804) 
  (-0.01146173909383695) (0.1028217540538624) (-8.914217394392111) 
  (0.03258261111919587) (0.0962548613695936) (-8.937477799907301) 
  (0.02792219901238146) (0.1219037942163078) (-8.959521260685497) 
  (0.07004669529315891) (0.07389151294409477) (-8.974633835512153) 
  (0.1493232492452764) (0.10350832767514) (-8.931839422844485) 
  (0.1129609777590648) (0.05097048100433445) (-8.963438435130081) 
  (0.0513093217162278) (0.07547210048178191) (-8.877205644508344) 
  (0.09535147969090332) (0.03237847775605467) (-8.860559247012878) 
  (0.06793960517683503) (0.04720636410755732) (-8.899781246216802) 
  (0.125181030480775) (0.09456422228909381) (2.764657406593604) 
  (0.1123693984387708) (0.1662004719159371) (2.82131286596986) 
  (0.1413183295206328) (0.1516167139299623) (2.84184376840834) 
  (0.1689265475788052) (0.1385606905945561) (2.826754045099458) 
  (0.2246690885457112) (0.1024261128053054) (2.817873686237683) 
  (0.1769021601442294) (0.08015286027065088) (2.809112642278647) 
  (0.1977035025821796) (-0.02271963416650083) (2.870051931374861) 
  (0.2176192209533321) (0.00842957246758827) (2.850925442742415) 
  (0.2436563914317503) (-0.006218768438649786) (2.902237191407834) 
  (0.2552205674192444) (-0.0432513777311658) (2.914811689521427) 
  (0.2908676272264559) (-0.02659640442363932) (2.880939686106393) 
  (0.2807760093001297) (-0.003252739631463508) (2.871476024627064) 
  (0.3129739922836408) (-0.02333035878160981) (2.887708853050753) 
  (0.4138853148267209) (-0.06490605340292216) (2.866513316593899) 
  (0.4126390528635925) (-0.06513592211632785) (2.857781771422515) 
  (0.4136749813989257) (-0.1413351467287843) (2.869537998132007) 
  (0.4690099528296641) (-0.08982933896088717) (2.906563044911943) 
  (0.5064588136863246) (-0.03125445508162354) (2.929888617205525) 
  (0.4542348139276339) (0.05412506353343415) (2.879481022664374) 
  (0.5201020448616056) (0.06181807118771482) (2.955153711811424) 
  (0.478715959804682) (0.08005214309277364) (3.047697776680652) 
  (0.5075252917704606) (0.1190652714979347) (3.043376282774716) 
  (0.5058778227787691) (0.1965659113129077) (3.074378310668857) 
  (0.5418389989698377) (0.2614112666353444) (3.07453672721187) 
  (0.4827326889698186) (0.2893943258021703) (3.065866874219351) 
  (0.4879287072721031) (0.2507200879559291) (3.029574319104326) 
  (0.4018524876852906) (0.263346298354554) (3.006146315181687) 
  (0.4092586599855355) (0.3101345551244485) (3.010833646224604) 
  (0.3662886034292753) (0.3350299586192759) (3.024181599840584) 
  (0.3488083468089048) (0.3722197861174235) (2.947566750458222) 
  (0.3991796878127039) (0.3785551353379691) (2.923066326014464) 
  (0.3414195131432174) (0.3931316970122077) (2.998589547696329) 
  (0.3990484135471077) (0.3628224143543665) (3.024302178150758) 
  (0.4704193128742055) (0.3241466564674659) (3.081077006297312) 
  (0.4362617955498073) (0.3617326615865935) (3.159272347585221) 
  (0.3890272479407827) (0.2993942334719714) (3.135342899375052) 
  (0.3987527007290068) (0.2938608230869595) (3.035073814853473) 
  (0.4338665739719834) (0.2529375470620089) (2.987769237220435) 
  (0.3580824238605531) (0.2426261010311409) (2.968258938465577) 
  (0.3640472453750534) (0.2154487593090205) (2.966817692699917) 
  (0.2354741571526) (0.2268681084024254) (2.955838269941879) 
  (0.2428871944763445) (0.177318012667709) (2.913521628554825) 
  (0.2202951019889637) (0.136120057809072) (2.871361168727338) 
  (0.2069653079161588) (0.1156271961696128) (2.863563542383094) 
  (0.2228192268233916) (0.0791504090033707) (2.924723160555653) 
  (0.1508707021168371) (0.1506063885696939) (2.953590855152218) 
  (0.1080090593280062) (0.1749375066078954) (2.950064391180921) 
  (0.1047552472266934) (0.1599003276076411) (2.949251724306212) 
  (0.05362555818226516) (0.1420744330947405) (-2.529864052587267) 
  (-0.03275375072243124) (0.1798580821720283) (-2.52401266453067) 
  (-0.04422018594686289) (0.138442159571076) (-2.577389503597154) 
  (0.08946736394887994) (0.144820783569458) (-2.617205752511643) 
  (0.1046186078729042) (0.1669677370333366) (-2.659705036919511) 
  (0.05733730849846633) (0.185519217556219) (-2.697257103471407) 
  (0.02137816027232023) (0.1748179708769573) (-2.728362444333825) 
  (0.08269193304257236) (0.2103537777856563) (-2.754527801775417) 
  (0.07862836950900727) (0.2706659843296479) (-2.715977667796313) 
  (0.09540904153010181) (0.3095748030312263) (-2.686129415891722) 
  (0.1285442158438818) (0.248870721062825) (-2.7265140494204) 
  (0.08043225450718181) (0.2315108695835218) (-2.727126801389038) 
  (0.01957647397566757) (0.209851358995311) (-2.744120273122285) 
  (-0.03478608699081145) (0.2163872908548827) (-2.757974321509377) 
  (-0.009420094976291187) (0.1653228646100185) (-2.861092124257376) 
  (0.04286802361404305) (0.2120788436583228) (-2.835014172358577) 
  (0.1129863435804037) (0.2459108185189195) (-2.856283166650351) 
  (0.1661628869477771) (0.2225831668939872) (-2.845969918896336) 
  (0.185796172397921) (0.2074293335932252) (-2.912064233770819) 
  (0.1852090152181057) (0.1359365280543801) (-2.827345301293357) 
  (0.1381587248926845) (0.1602664148745782) (-2.791459164259021) 
  (0.1600864169413755) (0.1238358466722246) (-2.853982541438628) 
  (0.1724090262552578) (0.1612748777587042) (-2.883490975799764) 
  (0.1942391421065514) (0.1680291549726196) (-2.929554979907516) 
  (0.1847493533759414) (0.153797467160226) (-2.932643019670821) 
  (0.1752239396496476) (0.2076594673766212) (-2.849683439356338) 
  (0.1688971503488428) (0.2484966123028497) (-2.806792983305787) 
  (0.1740001849274274) (0.1956313672618781) (-2.770872024361069) 
  (0.2983344708305449) (0.1493010318670632) (-2.725857276126938) 
  (0.331270047690211) (0.13537748242113) (-2.723291960638168) 
  (0.37233923443863) (0.150558635823627) (-2.734007020502769) 
  (0.4490117955451927) (0.1704674704927696) (-2.653613159290494) 
  (0.4603948061185456) (0.1137737103290077) (-2.655205478711721) 
  (0.4912592302278408) (0.2213863450100491) (-2.698677427049281) 
  (0.4799810601009611) (0.279203493686672) (-2.713980981787558) 
  (0.4743458240462251) (0.224282692530838) (-2.705325202173666) 
  (0.5026109039814572) (0.2766531612898954) (-2.701323060916289) 
  (0.47280681619284) (0.278775684192528) (-2.642250764414896) 
  (0.4995241736384005) (0.4010932549623846) (-2.653324267308195) 
  (0.4403764090199477) (0.4048774148969451) (-2.602965414071338) 
  (0.4997887394621617) (0.3926510790226411) (-2.623401750488561) 
  (0.519969061933111) (0.3095853684703834) (-2.613290171081787) 
  (0.5486204504491482) (0.3422862545433423) (-2.588224784358152) 
  (0.511401057106992) (0.2815567426774905) (-2.576872953671144) 
  (0.4548763831218767) (0.272350987699373) (-2.598133940036393) 
  (0.4600794296574151) (0.2501573350308289) (-2.720900510792688) 
  (0.5304632424653312) (0.259746859769486) (-2.752575529647907) 
  (0.57531067942869) (0.2306313150187392) (-2.751459843872178) 
  (0.5418800253958256) (0.3275107067174751) (-2.819971693196246) 
  (0.4864014403847892) (0.3781980715181662) (-2.790626768732276) 
  (0.4573230296543495) (0.4291514077233005) (-2.804934769353557) 
  (0.4241230996964833) (0.4633381126914984) (-2.760246964303072) 
  (0.4488589857866914) (0.4558108300124141) (-2.774449558857098) 
  (0.4306264755334959) (0.4808493777813343) (-2.714234463205122) 
  (0.3473702462328748) (0.441373858335687) (-2.793053212351051) 
  (0.3999507664474667) (0.4473066338622771) (-2.783504877043446) 
  (0.3776639173997907) (0.498631298413493) (-2.72485528749962) 
  (0.3620169129956421) (0.5159836404980553) (-2.703994663157824) 
  (0.3178709142641342) (0.5931867476664493) (-2.730716472985562) 
  (0.3669759762989063) (0.6036665643384367) (-2.644246736098781) 
  (0.3907194806078704) (0.6149812227111874) (-2.613829695623915) 
  (0.4496589536019012) (0.6047669253877712) (-2.547027637654846) 
  (0.4712546243539038) (0.5308764831633092) (-3.093094895593822) 
  (0.3604037522520957) (0.4911608994646774) (-3.086514140856986) 
  (0.4044662670492802) (0.4248485581225964) (-3.003983688257481) 
  (0.3888893698181165) (0.4259218443248313) (-3.027743991832319) 
  (0.4101955615260089) (0.4556069251057882) (-2.591671939123438) 
  (0.4030461130077956) (0.4366205432420697) (-2.534189766445188) 
  (0.3607905593114806) (0.4319844994659348) (-2.565398575088574) 
  (0.3264672902290851) (0.5065386566426403) (-2.597325877759676) ]

(0,499) x (0,2)
[ (1,0) (1,1) (-1,-1) 
  (2,0) (2,1) (-1,-1) 
  (3,0) (3,1) (-1,-1) 
  (4,0) (4,1) (-1,-1) 
  (5,0) (5,1) (-1,-1) 
  (6,0) (6,1) (-1,-1) 
  (7,0) (7,1) (-1,-1) 
  (8,0) (8,1) (-1,-1) 
  (9,0) (9,1) (-1,-1) 
  (10,0) (10,1) (-1,-1) 
  (11,0) (11,1) (-1,-1) 
  (12,0) (12,1) (-1,-1) 
  (13,0) (13,1) (-1,-1) 
  (14,0) (14,1) (-1,-1) 
  (15,0) (15,1) (-1,-1) 
  (16,0) (16,1) (-1,-1) 
  (17,0) (17,1) (-1,-1) 
  (18,0) (18,1) (-1,-1) 
  (19,0) (19,1) (-1,-1) 
  (20,0) (20,1) (-1,-1) 
  (21,0) (21,1) (-1,-1) 
  (22,0) (22,1) (-1,-1) 
  (23,0) (23,1) (-1,-1) 
  (24,0) (24,1) (-1,-1) 
  (25,0) (25,1) (-1,-1) 
  (26,0) (26,1) (-1,-1) 
  (27,0) (27,1) (-1,-1) 
  (28,0) (28,1) (-1,-1) 
  (29,0) (29,1) (-1,-1) 
  (30,0) (30,1) (-1,-1) 
  (31,0) (31,1) (-1,-1) 
  (32,0) (32,1) (-1,-1) 
  (33,0) (33,1) (-1,-1) 
  (34,0) (34,1) (-1,-1) 
  (35,0) (35,1) (-1,-1) 
  (36,0) (36,1) (-1,-1) 
  (37,0) (37,1) (-1,-1) 
  (38,0) (38,1) (-1,-1) 
  (39,0) (39,1) (-1,-1) 
  (40,0) (40,1) (-1,-1) 
  (41,0) (41,1) (-1,-1) 
  (42,0) (42,1) (-1,-1) 
  (43,0) (43,1) (-1,-1) 
  (44,0) (44,1) (-1,-1) 
  (45,0) (45,1) (-1,-1) 
  (46,0) (46,1) (-1,-1) 
  (47,0) (47,1) (-1,-1) 
  (48,0) (48,1) (-1,-1) 
  (49,0) (49,1) (-1,-1) 
  (50,0) (50,1) (-1,-1) 
  (51,0) (51,1) (-1,-1) 
  (52,0) (52,1) (-1,-1) 
  (53,0) (53,1) (-1,-1) 
  (54,0) (54,1) (-1,-1) 
  (55,0) (55,1) (-1,-1) 
  (56,0) (56,1) (-1,-1) 
  (57,0) (57,1) (-1,-1) 
  (58,0) (58,1) (-1,-1) 
  (59,0) (59,1) (-1,-1) 
  (60,0) (60,1) (-1,-1) 
  (61,0) (61,1) (-1,-1) 
  (62,0) (62,1) (-1,-1) 
  (63,0) (63,1) (-1,-1) 
  (64,0) (64,1) (-1,-1) 
  (65,0) (65,1) (-1,-1) 
  (66,0) (66,1) (-1,-1) 
  (67,0) (67,1) (-1,-1) 
  (68,0) (68,1) (-1,-1) 
  (69,0) (69,1) (-1,-1) 
  (70,0) (70,1) (-1,-1) 
  (71,0) (71,1) (-1,-1) 
  (72,0) (72,1) (-1,-1) 
  (73,0) (73,1) (-1,-1) 
  (74,0) (74,1) (-1,-1) 
  (75,0) (75,1) (-1,-1) 
  (76,0) (76,1) (-1,-1) 
  (77,0) (77,1) (-1,-1) 
  (78,0) (78,1) (-1,-1) 
  (79,0) (79,1) (-1,-1) 
  (80,0) (80,1) (-1,-1) 
  (81,0) (81,1) (-1,-1) 
  (82,0) (82,1) (-1,-1) 
  (83,0) (83,1) (-1,-1) 
  (84,0) (84,1) (-1,-1) 
  (85,0) (85,1) (-1,-1) 
  (86,0) (86,1) (-1,-1) 
  (87,0) (87,1) (-1,-1) 
  (88,0) (88,1) (-1,-1) 
  (89,0) (89,1) (-1,-1) 
  (90,0) (90,1) (-1,-1) 
  (91,0) (91,1) (-1,-1) 
  (92,0) (92,1) (-1,-1) 
  (93,0) (93,1) (-1,-1) 
  (94,0) (94,1) (-1,-1) 
  (95,0) (95,1) (-1,-1) 
  (96,0) (96,1) (-1,-1) 
  (97,0) (97,1) (-1,-1) 
  (98,0) (98,1) (-1,-1) 
  (99,0) (99,1) (-1,-1) 
  (100,0) (100,1) (-1,-1) 
  (101,0) (101,1) (-1,-1) 
  (102,0) (102,1) (-1,-1) 
  (103,0) (103,1) (-1,-1) 
  (104,0) (104,1) (-1,-1) 
  (105,0) (105,1) (-1,-1) 
  (106,0) (106,1) (-1,-1) 
  (107,0) (107,1) (-1,-1) 
  (108,0) (108,1) (-1,-1) 
  (109,0) (109,1) (-1,-1) 
  (110,0) (110,1) (-1,-1) 
  (111,0) (111,1) (-1,-1) 
  (112,0) (112,1) (-1,-1) 
  (113,0) (113,1) (-1,-1) 
  (114,0) (114,1) (-1,-1) 
  (115,0) (115,1) (-1,-1) 
  (116,0) (116,1) (-1,-1) 
  (117,0) (117,1) (-1,-1) 
  (118,0) (118,1) (-1,-1) 
  (119,0) (119,1) (-1,-1) 
  (120,0) (120,1) (-1,-1) 
  (121,0) (121,1) (-1,-1) 
  (122,0) (122,1) (-1,-1) 
  (123,0) (123,1) (-1,-1) 
  (124,0) (124,1) (-1,-1) 
  (125,0) (125,1) (-1,-1) 
  (126,0) (126,1) (-1,-1) 
  (127,0) (127,1) (-1,-1) 
  (128,0) (128,1) (-1,-1) 
  (129,0) (129,1) (-1,-1) 
  (130,0) (130,1) (-1,-1) 
  (131,0) (131,1) (-1,-1) 
  (132,0) (132,1) (-1,-1) 
  (133,0) (133,1) (-1,-1) 
  (134,0) (134,1) (-1,-1) 
  (135,0) (135,1) (-1,-1) 
  (136,0) (136,1) (-1,-1) 
  (137,0) (137,1) (-1,-1) 
  (138,0) (138,1) (-1,-1) 
  (139,0) (139,1) (-1,-1) 
  (140,0) (140,1) (-1,-1) 
  (141,0) (141,1) (-1,-1) 
  (142,0) (142,1) (-1,-1) 
  (143,0) (143,1) (-1,-1) 
  (144,0) (144,1) (-1,-1) 
  (145,0) (145,1) (-1,-1) 
  (146,0) (146,1) (-1,-1) 
  (147,0) (147,1) (-1,-1) 
  (148,0) (148,1) (-1,-1) 
  (149,0) (149,1) (-1,-1) 
  (150,0) (150,1) (-1,-1) 
  (151,0) (151,1) (-1,-1) 
  (152,0) (152,1) (-1,-1) 
  (153,0) (153,1) (-1,-1) 
  (154,0) (154,1) (-1,-1) 
  (155,0) (155,1) (-1,-1) 
  (156,0) (156,1) (-1,-1) 
  (157,0) (157,1) (-1,-1) 
  (158,0) (158,1) (-1,-1) 
  (159,0) (159,1) (-1,-1) 
  (160,0) (160,1) (-1,-1) 
  (161,0) (161,1) (-1,-1) 
  (162,0) (162,1) (-1,-1) 
  (163,0) (163,1) (-1,-1) 
  (164,0) (164,1) (-1,-1) 
  (165,0) (165,1) (-1,-1) 
  (166,0) (166,1) (-1,-1) 
  (167,0) (167,1) (-1,-1) 
  (168,0) (168,1) (-1,-1) 
  (169,0) (169,1) (-1,-1) 
  (170,0) (170,1) (-1,-1) 
  (171,0) (171,1) (-1,-1) 
  (172,0) (172,1) (-1,-1) 
  (173,0) (173,1) (-1,-1) 
  (174,0) (174,1) (-1,-1) 
  (175,0) (175,1) (-1,-1) 
  (176,0) (176,1) (-1,-1) 
  (177,0) (177,1) (-1,-1) 
  (178,0) (178,1) (-1,-1) 
  (179,0) (179,1) (-1,-1) 
  (180,0) (180,1) (-1,-1) 
  (181,0) (181,1) (-1,-1) 
  (182,0) (182,1) (-1,-1) 
  (183,0) (183,1) (-1,-1) 
  (184,0) (184,1) (-1,-1) 
  (185,0) (185,1) (-1,-1) 
  (186,0) (186,1) (-1,-1) 
  (187,0) (187,1) (-1,-1) 
  (188,0) (188,1) (-1,-1) 
  (189,0) (189,1) (-1,-1) 
  (190,0) (190,1) (-1,-1) 
  (191,0) (191,1) (-1,-1) 
  (192,0) (192,1) (-1,-1) 
  (193,0) (193,1) (-1,-1) 
  (194,0) (194,1) (-1,-1) 
  (195,0) (195,1) (-1,-1) 
  (196,0) (196,1) (-1,-1) 
  (197,0) (197,1) (-1,-1) 
  (198,0) (198,1) (-1,-1) 
  (199,0) (199,1) (-1,-1) 
  (200,0) (200,1) (-1,-1) 
  (201,0) (201,1) (-1,-1) 
  (202,0) (202,1) (-1,-1) 
  (203,0) (203,1) (-1,-1) 
  (204,0) (204,1) (-1,-1) 
  (205,0) (205,1) (-1,-1) 
  (206,0) (206,1) (-1,-1) 
  (207,0) (207,1) (-1,-1) 
  (208,0) (208,1) (-1,-1) 
  (209,0) (209,1) (-1,-1) 
  (210,0) (210,1) (-1,-1) 
  (211,0) (211,1) (-1,-1) 
  (212,1) (212,0) (-1,-1) 
  (213,0) (213,1) (-1,-1) 
  (214,0) (214,1) (-1,-1) 
  (215,0) (215,1) (-1,-1) 
  (216,0) (216,1) (-1,-1) 
  (217,0) (217,1) (-1,-1) 
  (218,0) (218,1) (-1,-1) 
  (219,0) (219,1) (-1,-1) 
  (220,0) (220,1) (-1,-1) 
  (221,0) (221,1) (-1,-1) 
  (222,0) (222,1) (-1,-1) 
  (223,0) (223,1) (-1,-1) 
  (224,0) (224,1) (-1,-1) 
  (225,0) (225,1) (-1,-1) 
  (226,0) (226,1) (-1,-1) 
  (227,0) (227,1) (-1,-1) 
  (228,0) (228,1) (-1,-1) 
  (229,0) (229,1) (-1,-1) 
  (230,0) (230,1) (-1,-1) 
  (231,0) (231,1) (-1,-1) 
  (232,0) (232,1) (-1,-1) 
  (233,0) (233,1) (-1,-1) 
  (234,0) (234,1) (-1,-1) 
  (235,0) (235,1) (-1,-1) 
  (236,0) (236,1) (-1,-1) 
  (237,0) (237,1) (-1,-1) 
  (238,0) (238,1) (-1,-1) 
  (239,0) (239,1) (-1,-1) 
  (240,0) (240,1) (-1,-1) 
  (241,0) (241,1) (-1,-1) 
  (242,0) (242,1) (-1,-1) 
  (243,0) (243,1) (-1,-1) 
  (244,0) (244,1) (-1,-1) 
  (245,0) (245,1) (-1,-1) 
  (246,0) (246,1) (-1,-1) 
  (247,0) (247,1) (-1,-1) 
  (248,0) (248,1) (-1,-1) 
  (249,0) (249,1) (-1,-1) 
  (250,0) (250,1) (-1,-1) 
  (251,0) (251,1) (-1,-1) 
  (252,0) (252,1) (-1,-1) 
  (253,0) (253,1) (-1,-1) 
  (254,0) (254,1) (-1,-1) 
  (255,0) (255,1) (-1,-1) 
  (256,0) (256,1) (-1,-1) 
  (257,0) (257,1) (-1,-1) 
  (258,0) (258,1) (-1,-1) 
  (259,0) (259,1) (-1,-1) 
  (260,0) (260,1) (-1,-1) 
  (261,0) (261,1) (-1,-1) 
  (262,0) (262,1) (-1,-1) 
  (263,0) (263,1) (-1,-1) 
  (264,0) (264,1) (-1,-1) 
  (265,0) (265,1) (-1,-1) 
  (266,0) (266,1) (-1,-1) 
  (267,0) (267,1) (-1,-1) 
  (268,0) (268,1) (-1,-1) 
  (269,0) (269,1) (-1,-1) 
  (270,0) (270,1) (-1,-1) 
  (271,0) (271,1) (-1,-1) 
  (272,0) (272,1) (-1,-1) 
  (273,0) (273,1) (-1,-1) 
  (274,0) (274,1) (-1,-1) 
  (275,0) (275,1) (-1,-1) 
  (276,0) (276,1) (-1,-1) 
  (277,0) (277,1) (-1,-1) 
  (278,0) (278,1) (-1,-1) 
  (279,0) (279,1) (-1,-1) 
  (280,0) (280,1) (-1,-1) 
  (281,0) (281,1) (-1,-1) 
  (282,0) (282,1) (-1,-1) 
  (283,0) (283,1) (-1,-1) 
  (284,0) (284,1) (-1,-1) 
  (285,0) (285,1) (-1,-1) 
  (286,0) (286,1) (-1,-1) 
  (287,0) (287,1) (-1,-1) 
  (288,0) (288,1) (-1,-1) 
  (289,0) (289,1) (-1,-1) 
  (290,0) (290,1) (-1,-1) 
  (291,0) (291,1) (-1,-1) 
  (292,0) (292,1) (-1,-1) 
  (293,0) (293,1) (-1,-1) 
  (294,0) (294,1) (-1,-1) 
  (295,0) (295,1) (-1,-1) 
  (296,0) (296,1) (-1,-1) 
  (297,0) (297,1) (-1,-1) 
  (298,0) (298,1) (-1,-1) 
  (299,0) (299,1) (-1,-1) 
  (300,0) (300,1) (-1,-1) 
  (301,0) (301,1) (-1,-1) 
  (302,0) (302,1) (-1,-1) 
  (303,0) (303,1) (-1,-1) 
  (304,0) (304,1) (-1,-1) 
  (305,0) (305,1) (-1,-1) 
  (306,0) (306,1) (-1,-1) 
  (307,0) (307,1) (-1,-1) 
  (308,0) (308,1) (-1,-1) 
  (309,0) (309,1) (-1,-1) 
  (310,0) (310,1) (-1,-1) 
  (311,0) (311,1) (-1,-1) 
  (312,0) (312,1) (-1,-1) 
  (313,0) (313,1) (-1,-1) 
  (314,0) (314,1) (-1,-1) 
  (315,0) (315,1) (-1,-1) 
  (316,0) (316,1) (-1,-1) 
  (317,0) (317,1) (-1,-1) 
  (318,0) (318,1) (-1,-1) 
  (319,0) (319,1) (-1,-1) 
  (320,0) (320,1) (-1,-1) 
  (321,0) (321,1) (-1,-1) 
  (322,0) (322,1) (-1,-1) 
  (323,0) (323,1) (-1,-1) 
  (324,0) (324,1) (-1,-1) 
  (325,0) (325,1) (-1,-1) 
  (326,0) (326,1) (-1,-1) 
  (327,0) (327,1) (-1,-1) 
  (328,0) (328,1) (-1,-1) 
  (329,0) (329,1) (-1,-1) 
  (330,0) (330,1) (-1,-1) 
  (331,0) (331,1) (-1,-1) 
  (332,0) (332,1) (-1,-1) 
  (333,0) (333,1) (-1,-1) 
  (334,0) (334,1) (-1,-1) 
  (335,0) (335,1) (-1,-1) 
  (336,0) (336,1) (-1,-1) 
  (337,0) (337,1) (-1,-1) 
  (338,0) (338,1) (-1,-1) 
  (339,0) (339,1) (-1,-1) 
  (340,0) (340,1) (-1,-1) 
  (341,0) (341,1) (-1,-1) 
  (342,0) (342,1) (-1,-1) 
  (343,0) (343,1) (-1,-1) 
  (344,0) (344,1) (-1,-1) 
  (345,0) (345,1) (-1,-1) 
  (346,0) (346,1) (-1,-1) 
  (347,0) (347,1) (-1,-1) 
  (348,0) (348,1) (-1,-1) 
  (349,0) (349,1) (-1,-1) 
  (350,0) (350,1) (-1,-1) 
  (351,0) (351,1) (-1,-1) 
  (352,0) (352,1) (-1,-1) 
  (353,0) (353,1) (-1,-1) 
  (354,0) (354,1) (-1,-1) 
  (355,0) (355,1) (-1,-1) 
  (356,0) (356,1) (-1,-1) 
  (357,0) (357,1) (-1,-1) 
  (358,0) (358,1) (-1,-1) 
  (359,0) (359,1) (-1,-1) 
  (360,0) (360,1) (-1,-1) 
  (361,0) (361,1) (-1,-1) 
  (362,0) (362,1) (-1,-1) 
  (363,0) (363,1) (-1,-1) 
  (364,0) (364,1) (-1,-1) 
  (365,0) (365,1) (-1,-1) 
  (366,0) (366,1) (-1,-1) 
  (367,0) (367,1) (-1,-1) 
  (368,0) (368,1) (-1,-1) 
  (369,0) (369,1) (-1,-1) 
  (370,0) (370,1) (-1,-1) 
  (371,0) (371,1) (-1,-1) 
  (372,0) (372,1) (-1,-1) 
  (373,1) (373,0) (-1,-1) 
  (374,0) (374,1) (-1,-1) 
  (375,0) (375,1) (-1,-1) 
  (376,0) (376,1) (-1,-1) 
  (377,0) (377,1) (-1,-1) 
  (378,0) (378,1) (-1,-1) 
  (379,0) (379,1) (-1,-1) 
  (380,0) (380,1) (-1,-1) 
  (381,0) (381,1) (-1,-1) 
  (382,0) (382,1) (-1,-1) 
  (383,0) (383,1) (-1,-1) 
  (384,0) (384,1) (-1,-1) 
  (385,0) (385,1) (-1,-1) 
  (386,0) (386,1) (-1,-1) 
  (387,0) (387,1) (-1,-1) 
  (388,0) (388,1) (-1,-1) 
  (389,0) (389,1) (-1,-1) 
  (390,0) (390,1) (-1,-1) 
  (391,0) (391,1) (-1,-1) 
  (392,0) (392,1) (-1,-1) 
  (393,0) (393,1) (-1,-1) 
  (394,0) (394,1) (-1,-1) 
  (395,0) (395,1) (-1,-1) 
  (396,0) (396,1) (-1,-1) 
  (397,0) (397,1) (-1,-1) 
  (398,0) (398,1) (-1,-1) 
  (399,0) (399,1) (-1,-1) 
  (400,0) (400,1) (-1,-1) 
  (401,0) (401,1) (-1,-1) 
  (402,0) (402,1) (-1,-1) 
  (403,0) (403,1) (-1,-1) 
  (404,0) (404,1) (-1,-1) 
  (405,0) (405,1) (-1,-1) 
  (406,0) (406,1) (-1,-1) 
  (407,0) (407,1) (-1,-1) 
  (408,0) (408,1) (-1,-1) 
  (409,0) (409,1) (-1,-1) 
  (410,0) (410,1) (-1,-1) 
  (411,0) (411,1) (-1,-1) 
  (412,0) (412,1) (-1,-1) 
  (413,0) (413,1) (-1,-1) 
  (414,0) (414,1) (-1,-1) 
  (415,0) (415,1) (-1,-1) 
  (416,0) (416,1) (-1,-1) 
  (417,0) (417,1) (-1,-1) 
  (418,0) (418,1) (-1,-1) 
  (419,0) (419,1) (-1,-1) 
  (420,0) (420,1) (-1,-1) 
  (421,0) (421,1) (-1,-1) 
  (422,0) (422,1) (-1,-1) 
  (423,0) (423,1) (-1,-1) 
  (424,0) (424,1) (-1,-1) 
  (425,0) (425,1) (-1,-1) 
  (426,0) (426,1) (-1,-1) 
  (427,0) (427,1) (-1,-1) 
  (428,0) (428,1) (-1,-1) 
  (429,0) (429,1) (-1,-1) 
  (430,0) (430,1) (-1,-1) 
  (431,0) (431,1) (-1,-1) 
  (432,0) (432,1) (-1,-1) 
  (433,0) (433,1) (-1,-1) 
  (434,0) (434,1) (-1,-1) 
  (435,0) (435,1) (-1,-1) 
  (436,0) (436,1) (-1,-1) 
  (437,0) (437,1) (-1,-1) 
  (438,0) (438,1) (-1,-1) 
  (439,0) (439,1) (-1,-1) 
  (440,0) (440,1) (-1,-1) 
  (441,0) (441,1) (-1,-1) 
  (442,0) (442,1) (-1,-1) 
  (443,0) (443,1) (-1,-1) 
  (444,0) (444,1) (-1,-1) 
  (445,0) (445,1) (-1,-1) 
  (446,0) (446,1) (-1,-1) 
  (447,0) (447,1) (-1,-1) 
  (448,0) (448,1) (-1,-1) 
  (449,0) (449,1) (-1,-1) 
  (450,0) (450,1) (-1,-1) 
  (451,0) (451,1) (-1,-1) 
  (452,0) (452,1) (-1,-1) 
  (453,0) (453,1) (-1,-1) 
  (454,0) (454,1) (-1,-1) 
  (455,0) (455,1) (-1,-1) 
  (456,0) (456,1) (-1,-1) 
  (457,0) (457,1) (-1,-1) 
  (458,0) (458,1) (-1,-1) 
  (459,0) (459,1) (-1,-1) 
  (460,0) (460,1) (-1,-1) 
  (461,0) (461,1) (-1,-1) 
  (462,0) (462,1) (-1,-1) 
  (463,0) (463,1) (-1,-1) 
  (464,0) (464,1) (-1,-1) 
  (465,0) (465,1) (-1,-1) 
  (466,0) (466,1) (-1,-1) 
  (467,0) (467,1) (-1,-1) 
  (468,0) (468,1) (-1,-1) 
  (469,0) (469,1) (-1,-1) 
  (470,0) (470,1) (-1,-1) 
  (471,0) (471,1) (-1,-1) 
  (472,0) (472,1) (-1,-1) 
  (473,0) (473,1) (-1,-1) 
  (474,0) (474,1) (-1,-1) 
  (475,0) (475,1) (-1,-1) 
  (476,0) (476,1) (-1,-1) 
  (477,0) (477,1) (-1,-1) 
  (478,0) (478,1) (-1,-1) 
  (479,0) (479,1) (-1,-1) 
  (480,0) (480,1) (-1,-1) 
  (481,0) (481,1) (-1,-1) 
  (482,0) (482,1) (-1,-1) 
  (483,0) (483,1) (-1,-1) 
  (484,0) (484,1) (-1,-1) 
  (485,0) (485,1) (-1,-1) 
  (486,0) (486,1) (-1,-1) 
  (487,0) (487,1) (-1,-1) 
  (488,0) (488,1) (-1,-1) 
  (489,0) (489,1) (-1,-1) 
  (490,0) (490,1) (-1,-1) 
  (491,0) (491,1) (-1,-1) 
  (492,0) (492,1) (-1,-1) 
  (493,0) (493,1) (-1,-1) 
  (494,0) (494,1) (-1,-1) 
  (495,0) (495,1) (-1,-1) 
  (496,0) (496,1) (-1,-1) 
  (497,0) (497,1) (-1,-1) 
  (498,0) (498,1) (-1,-1) 
  (499,0) (499,1) (-1,-1) 
  (0,0) (0,1) (-1,-1) ]

(0,499) x (0,2)
[ (499,0) (499,1) (-1,-1) 
  (0,0) (0,1) (-1,-1) 
  (1,0) (1,1) (-1,-1) 
  (2,0) (2,1) (-1,-1) 
  (3,0) (3,1) (-1,-1) 
  (4,0) (4,1) (-1,-1) 
  (5,0) (5,1) (-1,-1) 
  (6,0) (6,1) (-1,-1) 
  (7,0) (7,1) (-1,-1) 
  (8,0) (8,1) (-1,-1) 
  (9,0) (9,1) (-1,-1) 
  (10,0) (10,1) (-1,-1) 
  (11,0) (11,1) (-1,-1) 
  (12,0) (12,1) (-1,-1) 
  (13,0) (13,1) (-1,-1) 
  (14,0) (14,1) (-1,-1) 
  (15,0) (15,1) (-1,-1) 
  (16,0) (16,1) (-1,-1) 
  (17,0) (17,1) (-1,-1) 
  (18,0) (18,1) (-1,-1) 
  (19,0) (19,1) (-1,-1) 
  (20,0) (20,1) (-1,-1) 
  (21,0) (21,1) (-1,-1) 
  (22,0) (22,1) (-1,-1) 
  (23,0) (23,1) (-1,-1) 
  (24,0) (24,1) (-1,-1) 
  (25,0) (25,1) (-1,-1) 
  (26,0) (26,1) (-1,-1) 
  (27,0) (27,1) (-1,-1) 
  (28,0) (28,1) (-1,-1) 
  (29,0) (29,1) (-1,-1) 
  (30,0) (30,1) (-1,-1) 
  (31,0) (31,1) (-1,-1) 
  (32,0) (32,1) (-1,-1) 
  (33,0) (33,1) (-1,-1) 
  (34,0) (34,1) (-1,-1) 
  (35,0) (35,1) (-1,-1) 
  (36,0) (36,1) (-1,-1) 
  (37,0) (37,1) (-1,-1) 
  (38,0) (38,1) (-1,-1) 
  (39,0) (39,1) (-1,-1) 
  (40,0) (40,1) (-1,-1) 
  (41,0) (41,1) (-1,-1) 
  (42,0) (42,1) (-1,-1) 
  (43,0) (43,1) (-1,-1) 
  (44,0) (44,1) (-1,-1) 
  (45,0) (45,1) (-1,-1) 
  (46,0) (46,1) (-1,-1) 
  (47,0) (47,1) (-1,-1) 
  (48,0) (48,1) (-1,-1) 
  (49,0) (49,1) (-1,-1) 
  (50,0) (50,1) (-1,-1) 
  (51,0) (51,1) (-1,-1) 
  (52,0) (52,1) (-1,-1) 
  (53,0) (53,1) (-1,-1) 
  (54,0) (54,1) (-1,-1) 
  (55,0) (55,1) (-1,-1) 
  (56,0) (56,1) (-1,-1) 
  (57,0) (57,1) (-1,-1) 
  (58,0) (58,1) (-1,-1) 
  (59,0) (59,1) (-1,-1) 
  (60,0) (60,1) (-1,-1) 
  (61,0) (61,1) (-1,-1) 
  (62,0) (62,1) (-1,-1) 
  (63,0) (63,1) (-1,-1) 
  (64,0) (64,1) (-1,-1) 
  (65,0) (65,1) (-1,-1) 
  (66,0) (66,1) (-1,-1) 
  (67,0) (67,1) (-1,-1) 
  (68,0) (68,1) (-1,-1) 
  (69,0) (69,1) (-1,-1) 
  (70,0) (70,1) (-1,-1) 
  (71,0) (71,1) (-1,-1) 
  (72,0) (72,1) (-1,-1) 
  (73,0) (73,1) (-1,-1) 
  (74,0) (74,1) (-1,-1) 
  (75,0) (75,1) (-1,-1) 
  (76,0) (76,1) (-1,-1) 
  (77,0) (77,1) (-1,-1) 
  (78,0) (78,1) (-1,-1) 
  (79,0) (79,1) (-1,-1) 
  (80,0) (80,1) (-1,-1) 
  (81,0) (81,1) (-1,-1) 
  (82,0) (82,1) (-1,-1) 
  (83,0) (83,1) (-1,-1) 
  (84,0) (84,1) (-1,-1) 
  (85,0) (85,1) (-1,-1) 
  (86,0) (86,1) (-1,-1) 
  (87,0) (87,1) (-1,-1) 
  (88,0) (88,1) (-1,-1) 
  (89,0) (89,1) (-1,-1) 
  (90,0) (90,1) (-1,-1) 
  (91,0) (91,1) (-1,-1) 
  (92,0) (92,1) (-1,-1) 
  (93,0) (93,1) (-1,-1) 
  (94,0) (94,1) (-1,-1) 
  (95,0) (95,1) (-1,-1) 
  (96,0) (96,1) (-1,-1) 
  (97,0) (97,1) (-1,-1) 
  (98,0) (98,1) (-1,-1) 
  (99,0) (99,1) (-1,-1) 
  (100,0) (100,1) (-1,-1) 
  (101,0) (101,1) (-1,-1) 
  (102,0) (102,1) (-1,-1) 
  (103,0) (103,1) (-1,-1) 
  (104,0) (104,1) (-1,-1) 
  (105,0) (105,1) (-1,-1) 
  (106,0) (106,1) (-1,-1) 
  (107,0) (107,1) (-1,-1) 
  (108,0) (108,1) (-1,-1) 
  (109,0) (109,1) (-1,-1) 
  (110,0) (110,1) (-1,-1) 
  (111,0) (111,1) (-1,-1) 
  (112,0) (112,1) (-1,-1) 
  (113,0) (113,1) (-1,-1) 
  (114,0) (114,1) (-1,-1) 
  (115,0) (115,1) (-1,-1) 
  (116,0) (116,1) (-1,-1) 
  (117,0) (117,1) (-1,-1) 
  (118,0) (118,1) (-1,-1) 
  (119,0) (119,1) (-1,-1) 
  (120,0) (120,1) (-1,-1) 
  (121,0) (121,1) (-1,-1) 
  (122,0) (122,1) (-1,-1) 
  (123,0) (123,1) (-1,-1) 
  (124,0) (124,1) (-1,-1) 
  (125,0) (125,1) (-1,-1) 
  (126,0) (126,1) (-1,-1) 
  (127,0) (127,1) (-1,-1) 
  (128,0) (128,1) (-1,-1) 
  (129,0) (129,1) (-1,-1) 
  (130,0) (130,1) (-1,-1) 
  (131,0) (131,1) (-1,-1) 
  (132,0) (132,1) (-1,-1) 
  (133,0) (133,1) (-1,-1) 
  (134,0) (134,1) (-1,-1) 
  (135,0) (135,1) (-1,-1) 
  (136,0) (136,1) (-1,-1) 
  (137,0) (137,1) (-1,-1) 
  (138,0) (138,1) (-1,-1) 
  (139,0) (139,1) (-1,-1) 
  (140,0) (140,1) (-1,-1) 
  (141,0) (141,1) (-1,-1) 
  (142,0) (142,1) (-1,-1) 
  (143,0) (143,1) (-1,-1) 
  (144,0) (144,1) (-1,-1) 
  (145,0) (145,1) (-1,-1) 
  (146,0) (146,1) (-1,-1) 
  (147,0) (147,1) (-1,-1) 
  (148,0) (148,1) (-1,-1) 
  (149,0) (149,1) (-1,-1) 
  (150,0) (150,1) (-1,-1) 
  (151,0) (151,1) (-1,-1) 
  (152,0) (152,1) (-1,-1) 
  (153,0) (153,1) (-1,-1) 
  (154,0) (154,1) (-1,-1) 
  (155,0) (155,1) (-1,-1) 
  (156,0) (156,1) (-1,-1) 
  (157,0) (157,1) (-1,-1) 
  (158,0) (158,1) (-1,-1) 
  (159,0) (159,1) (-1,-1) 
  (160,0) (160,1) (-1,-1) 
  (161,0) (161,1) (-1,-1) 
  (162,0) (162,1) (-1,-1) 
  (163,0) (163,1) (-1,-1) 
  (164,0) (164,1) (-1,-1) 
  (165,0) (165,1) (-1,-1) 
  (166,0) (166,1) (-1,-1) 
  (167,0) (167,1) (-1,-1) 
  (168,0) (168,1) (-1,-1) 
  (169,0) (169,1) (-1,-1) 
  (170,0) (170,1) (-1,-1) 
  (171,0) (171,1) (-1,-1) 
  (172,0) (172,1) (-1,-1) 
  (173,0) (173,1) (-1,-1) 
  (174,0) (174,1) (-1,-1) 
  (175,0) (175,1) (-1,-1) 
  (176,0) (176,1) (-1,-1) 
  (177,0) (177,1) (-1,-1) 
  (178,0) (178,1) (-1,-1) 
  (179,0) (179,1) (-1,-1) 
  (180,0) (180,1) (-1,-1) 
  (181,0) (181,1) (-1,-1) 
  (182,0) (182,1) (-1,-1) 
  (183,0) (183,1) (-1,-1) 
  (184,0) (184,1) (-1,-1) 
  (185,0) (185,1) (-1,-1) 
  (186,0) (186,1) (-1,-1) 
  (187,0) (187,1) (-1,-1) 
  (188,0) (188,1) (-1,-1) 
  (189,0) (189,1) (-1,-1) 
  (190,0) (190,1) (-1,-1) 
  (191,0) (191,1) (-1,-1) 
  (192,0) (192,1) (-1,-1) 
  (193,0) (193,1) (-1,-1) 
  (194,0) (194,1) (-1,-1) 
  (195,0) (195,1) (-1,-1) 
  (196,0) (196,1) (-1,-1) 
  (197,0) (197,1) (-1,-1) 
  (198,0) (198,1) (-1,-1) 
  (199,0) (199,1) (-1,-1) 
  (200,0) (200,1) (-1,-1) 
  (201,0) (201,1) (-1,-1) 
  (202,0) (202,1) (-1,-1) 
  (203,0) (203,1) (-1,-1) 
  (204,0) (204,1) (-1,-1) 
  (205,0) (205,1) (-1,-1) 
  (206,0) (206,1) (-1,-1) 
  (207,0) (207,1) (-1,-1) 
  (208,0) (208,1) (-1,-1) 
  (209,0) (209,1) (-1,-1) 
  (210,0) (210,1) (-1,-1) 
  (211,1) (211,0) (-1,-1) 
  (212,0) (212,1) (-1,-1) 
  (213,0) (213,1) (-1,-1) 
  (214,0) (214,1) (-1,-1) 
  (215,0) (215,1) (-1,-1) 
  (216,0) (216,1) (-1,-1) 
  (217,0) (217,1) (-1,-1) 
  (218,0) (218,1) (-1,-1) 
  (219,0) (219,1) (-1,-1) 
  (220,0) (220,1) (-1,-1) 
  (221,0) (221,1) (-1,-1) 
  (222,0) (222,1) (-1,-1) 
  (223,0) (223,1) (-1,-1) 
  (224,0) (224,1) (-1,-1) 
  (225,0) (225,1) (-1,-1) 
  (226,0) (226,1) (-1,-1) 
  (227,0) (227,1) (-1,-1) 
  (228,0) (228,1) (-1,-1) 
  (229,0) (229,1) (-1,-1) 
  (230,0) (230,1) (-1,-1) 
  (231,0) (231,1) (-1,-1) 
  (232,0) (232,1) (-1,-1) 
  (233,0) (233,1) (-1,-1) 
  (234,0) (234,1) (-1,-1) 
  (235,0) (235,1) (-1,-1) 
  (236,0) (236,1) (-1,-1) 
  (237,0) (237,1) (-1,-1) 
  (238,0) (238,1) (-1,-1) 
  (239,0) (239,1) (-1,-1) 
  (240,0) (240,1) (-1,-1) 
  (241,0) (241,1) (-1,-1) 
  (242,0) (242,1) (-1,-1) 
  (243,0) (243,1) (-1,-1) 
  (244,0) (244,1) (-1,-1) 
  (245,0) (245,1) (-1,-1) 
  (246,0) (246,1) (-1,-1) 
  (247,0) (247,1) (-1,-1) 
  (248,0) (248,1) (-1,-1) 
  (249,0) (249,1) (-1,-1) 
  (250,0) (250,1) (-1,-1) 
  (251,0) (251,1) (-1,-1) 
  (252,0) (252,1) (-1,-1) 
  (253,0) (253,1) (-1,-1) 
  (254,0) (254,1) (-1,-1) 
  (255,0) (255,1) (-1,-1) 
  (256,0) (256,1) (-1,-1) 
  (257,0) (257,1) (-1,-1) 
  (258,0) (258,1) (-1,-1) 
  (259,0) (259,1) (-1,-1) 
  (260,0) (260,1) (-1,-1) 
  (261,0) (261,1) (-1,-1) 
  (262,0) (262,1) (-1,-1) 
  (263,0) (263,1) (-1,-1) 
  (264,0) (264,1) (-1,-1) 
  (265,0) (265,1) (-1,-1) 
  (266,0) (266,1) (-1,-1) 
  (267,0) (267,1) (-1,-1) 
  (268,0) (268,1) (-1,-1) 
  (269,0) (269,1) (-1,-1) 
  (270,0) (270,1) (-1,-1) 
  (271,0) (271,1) (-1,-1) 
  (272,0) (272,1) (-1,-1) 
  (273,0) (273,1) (-1,-1) 
  (274,0) (274,1) (-1,-1) 
  (275,0) (275,1) (-1,-1) 
  (276,0) (276,1) (-1,-1) 
  (277,0) (277,1) (-1,-1) 
  (278,0) (278,1) (-1,-1) 
  (279,0) (279,1) (-1,-1) 
  (280,0) (280,1) (-1,-1) 
  (281,0) (281,1) (-1,-1) 
  (282,0) (282,1) (-1,-1) 
  (283,0) (283,1) (-1,-1) 
  (284,0) (284,1) (-1,-1) 
  (285,0) (285,1) (-1,-1) 
  (286,0) (286,1) (-1,-1) 
  (287,0) (287,1) (-1,-1) 
  (288,0) (288,1) (-1,-1) 
  (289,0) (289,1) (-1,-1) 
  (290,0) (290,1) (-1,-1) 
  (291,0) (291,1) (-1,-1) 
  (292,0) (292,1) (-1,-1) 
  (293,0) (293,1) (-1,-1) 
  (294,0) (294,1) (-1,-1) 
  (295,0) (295,1) (-1,-1) 
  (296,0) (296,1) (-1,-1) 
  (297,0) (297,1) (-1,-1) 
  (298,0) (298,1) (-1,-1) 
  (299,0) (299,1) (-1,-1) 
  (300,0) (300,1) (-1,-1) 
  (301,0) (301,1) (-1,-1) 
  (302,0) (302,1) (-1,-1) 
  (303,0) (303,1) (-1,-1) 
  (304,0) (304,1) (-1,-1) 
  (305,0) (305,1) (-1,-1) 
  (306,0) (306,1) (-1,-1) 
  (307,0) (307,1) (-1,-1) 
  (308,0) (308,1) (-1,-1) 
  (309,0) (309,1) (-1,-1) 
  (310,0) (310,1) (-1,-1) 
  (311,0) (311,1) (-1,-1) 
  (312,0) (312,1) (-1,-1) 
  (313,0) (313,1) (-1,-1) 
  (314,0) (314,1) (-1,-1) 
  (315,0) (315,1) (-1,-1) 
  (316,0) (316,1) (-1,-1) 
  (317,0) (317,1) (-1,-1) 
  (318,0) (318,1) (-1,-1) 
  (319,0) (319,1) (-1,-1) 
  (320,0) (320,1) (-1,-1) 
  (321,0) (321,1) (-1,-1) 
  (322,0) (322,1) (-1,-1) 
  (323,0) (323,1) (-1,-1) 
  (324,0) (324,1) (-1,-1) 
  (325,0) (325,1) (-1,-1) 
  (326,0) (326,1) (-1,-1) 
  (327,0) (327,1) (-1,-1) 
  (328,0) (328,1) (-1,-1) 
  (329,0) (329,1) (-1,-1) 
  (330,0) (330,1) (-1,-1) 
  (331,0) (331,1) (-1,-1) 
  (332,0) (332,1) (-1,-1) 
  (333,0) (333,1) (-1,-1) 
  (334,0) (334,1) (-1,-1) 
  (335,0) (335,1) (-1,-1) 
  (336,0) (336,1) (-1,-1) 
  (337,0) (337,1) (-1,-1) 
  (338,0) (338,1) (-1,-1) 
  (339,0) (339,1) (-1,-1) 
  (340,0) (340,1) (-1,-1) 
  (341,0) (341,1) (-1,-1) 
  (342,0) (342,1) (-1,-1) 
  (343,0) (343,1) (-1,-1) 
  (344,0) (344,1) (-1,-1) 
  (345,0) (345,1) (-1,-1) 
  (346,0) (346,1) (-1,-1) 
  (347,0) (347,1) (-1,-1) 
  (348,0) (348,1) (-1,-1) 
  (349,0) (349,1) (-1,-1) 
  (350,0) (350,1) (-1,-1) 
  (351,0) (351,1) (-1,-1) 
  (352,0) (352,1) (-1,-1) 
  (353,0) (353,1) (-1,-1) 
  (354,0) (354,1) (-1,-1) 
  (355,0) (355,1) (-1,-1) 
  (356,0) (356,1) (-1,-1) 
  (357,0) (357,1) (-1,-1) 
  (358,0) (358,1) (-1,-1) 
  (359,0) (359,1) (-1,-1) 
  (360,0) (360,1) (-1,-1) 
  (361,0) (361,1) (-1,-1) 
  (362,0) (362,1) (-1,-1) 
  (363,0) (363,1) (-1,-1) 
  (364,0) (364,1) (-1,-1) 
  (365,0) (365,1) (-1,-1) 
  (366,0) (366,1) (-1,-1) 
  (367,0) (367,1) (-1,-1) 
  (368,0) (368,1) (-1,-1) 
  (369,0) (369,1) (-1,-1) 
  (370,0) (370,1) (-1,-1) 
  (371,0) (371,1) (-1,-1) 
  (372,1) (372,0) (-1,-1) 
  (373,0) (373,1) (-1,-1) 
  (374,0) (374,1) (-1,-1) 
  (375,0) (375,1) (-1,-1) 
  (376,0) (376,1) (-1,-1) 
  (377,0) (377,1) (-1,-1) 
  (378,0) (378,1) (-1,-1) 
  (379,0) (379,1) (-1,-1) 
  (380,0) (380,1) (-1,-1) 
  (381,0) (381,1) (-1,-1) 
  (382,0) (382,1) (-1,-1) 
  (383,0) (383,1) (-1,-1) 
  (384,0) (384,1) (-1,-1) 
  (385,0) (385,1) (-1,-1) 
  (386,0) (386,1) (-1,-1) 
  (387,0) (387,1) (-1,-1) 
  (388,0) (388,1) (-1,-1) 
  (389,0) (389,1) (-1,-1) 
  (390,0) (390,1) (-1,-1) 
  (391,0) (391,1) (-1,-1) 
  (392,0) (392,1) (-1,-1) 
  (393,0) (393,1) (-1,-1) 
  (394,0) (394,1) (-1,-1) 
  (395,0) (395,1) (-1,-1) 
  (396,0) (396,1) (-1,-1) 
  (397,0) (397,1) (-1,-1) 
  (398,0) (398,1) (-1,-1) 
  (399,0) (399,1) (-1,-1) 
  (400,0) (400,1) (-1,-1) 
  (401,0) (401,1) (-1,-1) 
  (402,0) (402,1) (-1,-1) 
  (403,0) (403,1) (-1,-1) 
  (404,0) (404,1) (-1,-1) 
  (405,0) (405,1) (-1,-1) 
  (406,0) (406,1) (-1,-1) 
  (407,0) (407,1) (-1,-1) 
  (408,0) (408,1) (-1,-1) 
  (409,0) (409,1) (-1,-1) 
  (410,0) (410,1) (-1,-1) 
  (411,0) (411,1) (-1,-1) 
  (412,0) (412,1) (-1,-1) 
  (413,0) (413,1) (-1,-1) 
  (414,0) (414,1) (-1,-1) 
  (415,0) (415,1) (-1,-1) 
  (416,0) (416,1) (-1,-1) 
  (417,0) (417,1) (-1,-1) 
  (418,0) (418,1) (-1,-1) 
  (419,0) (419,1) (-1,-1) 
  (420,0) (420,1) (-1,-1) 
  (421,0) (421,1) (-1,-1) 
  (422,0) (422,1) (-1,-1) 
  (423,0) (423,1) (-1,-1) 
  (424,0) (424,1) (-1,-1) 
  (425,0) (425,1) (-1,-1) 
  (426,0) (426,1) (-1,-1) 
  (427,0) (427,1) (-1,-1) 
  (428,0) (428,1) (-1,-1) 
  (429,0) (429,1) (-1,-1) 
  (430,0) (430,1) (-1,-1) 
  (431,0) (431,1) (-1,-1) 
  (432,0) (432,1) (-1,-1) 
  (433,0) (433,1) (-1,-1) 
  (434,0) (434,1) (-1,-1) 
  (435,0) (435,1) (-1,-1) 
  (436,0) (436,1) (-1,-1) 
  (437,0) (437,1) (-1,-1) 
  (438,0) (438,1) (-1,-1) 
  (439,0) (439,1) (-1,-1) 
  (440,0) (440,1) (-1,-1) 
  (441,0) (441,1) (-1,-1) 
  (442,0) (442,1) (-1,-1) 
  (443,0) (443,1) (-1,-1) 
  (444,0) (444,1) (-1,-1) 
  (445,0) (445,1) (-1,-1) 
  (446,0) (446,1) (-1,-1) 
  (447,0) (447,1) (-1,-1) 
  (448,0) (448,1) (-1,-1) 
  (449,0) (449,1) (-1,-1) 
  (450,0) (450,1) (-1,-1) 
  (451,0) (451,1) (-1,-1) 
  (452,0) (452,1) (-1,-1) 
  (453,0) (453,1) (-1,-1) 
  (454,0) (454,1) (-1,-1) 
  (455,0) (455,1) (-1,-1) 
  (456,0) (456,1) (-1,-1) 
  (457,0) (457,1) (-1,-1) 
  (458,0) (458,1) (-1,-1) 
  (459,0) (459,1) (-1,-1) 
  (460,0) (460,1) (-1,-1) 
  (461,0) (461,1) (-1,-1) 
  (462,0) (462,1) (-1,-1) 
  (463,0) (463,1) (-1,-1) 
  (464,0) (464,1) (-1,-1) 
  (465,0) (465,1) (-1,-1) 
  (466,0) (466,1) (-1,-1) 
  (467,0) (467,1) (-1,-1) 
  (468,0) (468,1) (-1,-1) 
  (469,0) (469,1) (-1,-1) 
  (470,0) (470,1) (-1,-1) 
  (471,0) (471,1) (-1,-1) 
  (472,0) (472,1) (-1,-1) 
  (473,0) (473,1) (-1,-1) 
  (474,0) (474,1) (-1,-1) 
  (475,0) (475,1) (-1,-1) 
  (476,0) (476,1) (-1,-1) 
  (477,0) (477,1) (-1,-1) 
  (478,0) (478,1) (-1,-1) 
  (479,0) (479,1) (-1,-1) 
  (480,0) (480,1) (-1,-1) 
  (481,0) (481,1) (-1,-1) 
  (482,0) (482,1) (-1,-1) 
  (483,0) (483,1) (-1,-1) 
  (484,0) (484,1) (-1,-1) 
  (485,0) (485,1) (-1,-1) 
  (486,0) (486,1) (-1,-1) 
  (487,0) (487,1) (-1,-1) 
  (488,0) (488,1) (-1,-1) 
  (489,0) (489,1) (-1,-1) 
  (490,0) (490,1) (-1,-1) 
  (491,0) (491,1) (-1,-1) 
  (492,0) (492,1) (-1,-1) 
  (493,0) (493,1) (-1,-1) 
  (494,0) (494,1) (-1,-1) 
  (495,0) (495,1) (-1,-1) 
  (496,0) (496,1) (-1,-1) 
  (497,0) (497,1) (-1,-1) 
  (498,0) (498,1) (-1,-1) ]

(0,499) x (0,2)
[ 1 1 0 
  1 1 0 
  1 1 0 
  1 1 0 
  1 1 0 
  1 1 0 
  1 1 0 
  1 1 0 
  1 1 0 
  1 1 0 
  1 1 0 
  1 1 0 
  1 1 0 
  1 1 0 
  1 1 0 
  1 1 0 
  1 1 0 
  1 1 0 
  1 1 0 
  1 1 0 
  1 1 0 
  1 1 0 
  1 1 0 
  1 1 0 
  1 1 0 
  1 1 0 
  1 1 0 
  1 1 0 
  1 1 0 
  1 1 0 
  1 1 0 
  1 1 0 
  1 1 0 
  1 1 0 
  1 1 0 
  1 1 0 
  1 1 0 
  1 1 0 
  1 1 0 
  1 1 0 
  1 1 0 
  1 1 0 
  1 1 0 
  1 1 0 
  1 1 0 
  1 1 0 
  1 1 0 
  1 1 0 
  1 1 0 
  1 1 0 
  1 1 0 
  1 1 0 
  1 1 0 
  1 1 0 
  1 1 0 
  1 1 0 
  1 1 0 
  1 1 0 
  1 1 0 
  1 1 0 
  1 1 0 
  1 1 0 
  1 1 0 
  1 1 0 
  1 1 0 
  1 1 0 
  1 1 0 
  1 1 0 
  1 1 0 
  1 1 0 
  1 1 0 
  1 1 0 
  1 1 0 
  1 1 0 
  1 1 0 
  1 1 0 
  1 1 0 
  1 1 0 
  1 1 0 
  1 1 0 
  1 1 0 
  1 1 0 
  1 1 0 
  1 1 0 
  1 1 0 
  1 1 0 
  1 1 0 
  1 1 0 
  1 1 0 
  1 1 0 
  1 1 0 
  1 1 0 
  1 1 0 
  1 1 0 
  1 1 0 
  1 1 0 
  1 1 0 
  1 1 0 
  1 1 0 
  1 1 0 
  1 1 0 
  1 1 0 
  1 1 0 
  1 1 0 
  1 1 0 
  1 1 0 
  1 1 0 
  1 1 0 
  1 1 0 
  1 1 0 
  1 1 0 
  1 1 0 
  1 1 0 
  1 1 0 
  1 1 0 
  1 1 0 
  1 1 0 
  1 1 0 
  1 1 0 
  1 1 0 
  1 1 0 
  1 1 0 
  1 1 0 
  1 1 0 
  1 1 0 
  1 1 0 
  1 1 0 
  1 1 0 
  1 1 0 
  1 1 0 
  1 1 0 
  1 1 0 
  1 1 0 
  1 1 0 
  1 1 0 
  1 1 0 
  1 1 0 
  1 1 0 
  1 1 0 
  1 1 0 
  1 1 0 
  1 1 0 
  1 1 0 
  1 1 0 
  1 1 0 
  1 1 0 
  1 1 0 
  1 1 0 
  1 1 0 
  1 1 0 
  1 1 0 
  1 1 0 
  1 1 0 
  1 1 0 
  1 1 0 
  1 1 0 
  1 1 0 
  1 1 0 
  1 1 0 
  1 1 0 
  1 1 0 
  1 1 0 
  1 1 0 
  1 1 0 
  1 1 0 
  1 1 0 
  1 1 0 
  1 1 0 
  1 1 0 
  1 1 0 
  1 1 0 
  1 1 0 
  1 1 0 
  1 1 0 
  1 1 0 
  1 1 0 
  1 1 0 
  1 1 0 
  1 1 0 
  1 1 0 
  1 1 0 
  1 1 0 
  1 1 0 
  1 1 0 
  1 1 0 
  1 1 0 
  1 1 0 
  1 1 0 
  1 1 0 
  1 1 0 
  1 1 0 
  1 1 0 
  1 1 0 
  1 1 0 
  1 1 0 
  1 1 0 
  1 1 0 
  1 1 0 
  1 1 0 
  1 1 0 
  1 1 0 
  1 1 0 
  1 1 0 
  1 1 0 
  1 1 0 
  1 1 0 
  1 1 0 
  1 1 0 
  1 1 0 
  1 1 0 
  1 1 0 
  1 1 0 
  1 1 0 
  1 1 0 
  1 1 0 
  1 1 0 
  1 1 0 
  1 1 0 
  1 1 0 
  1 1 0 
  1 1 0 
  1 1 0 
  1 1 0 
  1 1 0 
  1 1 0 
  1 1 0 
  1 1 0 
  1 1 0 
  1 1 0 
  1 1 0 
  1 1 0 
  1 1 0 
  1 1 0 
  1 1 0 
  1 1 0 
  1 1 0 
  1 1 0 
  1 1 0 
  1 1 0 
  1 1 0 
  1 1 0 
  1 1 0 
  1 1 0 
  1 1 0 
  1 1 0 
  1 1 0 
  1 1 0 
  1 1 0 
  1 1 0 
  1 1 0 
  1 1 0 
  1 1 0 
  1 1 0 
  1 1 0 
  1 1 0 
  1 1 0 
  1 1 0 
  1 1 0 
  1 1 0 
  1 1 0 
  1 1 0 
  1 1 0 
  1 1 0 
  1 1 0 
  1 1 0 
  1 1 0 
  1 1 0 
  1 1 0 
  1 1 0 
  1 1 0 
  1 1 0 
  1 1 0 
  1 1 0 
  1 1 0 
  1 1 0 
  1 1 0 
  1 1 0 
  1 1 0 
  1 1 0 
  1 1 0 
  1 1 0 
  1 1 0 
  1 1 0 
  1 1 0 
  1 1 0 
  1 1 0 
  1 1 0 
  1 1 0 
  1 1 0 
  1 1 0 
  1 1 0 
  1 1 0 
  1 1 0 
  1 1 0 
  1 1 0 
  1 1 0 
  1 1 0 
  1 1 0 
  1 1 0 
  1 1 0 
  1 1 0 
  1 1 0 
  1 1 0 
  1 1 0 
  1 1 0 
  1 1 0 
  1 1 0 
  1 1 0 
  1 1 0 
  1 1 0 
  1 1 0 
  1 1 0 
  1 1 0 
  1 1 0 
  1 1 0 
  1 1 0 
  1 1 0 
  1 1 0 
  1 1 0 
  1 1 0 
  1 1 0 
  1 1 0 
  1 1 0 
  1 1 0 
  1 1 0 
  1 1 0 
  1 1 0 
  1 1 0 
  1 1 0 
  1 1 0 
  1 1 0 
  1 1 0 
  1 1 0 
  1 1 0 
  1 1 0 
  1 1 0 
  1 1 0 
  1 1 0 
  1 1 0 
  1 1 0 
  1 1 0 
  1 1 0 
  1 1 0 
  1 1 0 
  1 1 0 
  1 1 0 
  1 1 0 
  1 1 0 
  1 1 0 
  1 1 0 
  1 1 0 
  1 1 0 
  1 1 0 
  1 1 0 
  1 1 0 
  1 1 0 
  1 1 0 
  1 1 0 
  1 1 0 
  1 1 0 
  1 1 0 
  1 1 0 
  1 1 0 
  1 1 0 
  1 1 0 
  1 1 0 
  1 1 0 
  1 1 0 
  1 1 0 
  1 1 0 
  1 1 0 
  1 1 0 
  1 1 0 
  1 1 0 
  1 1 0 
  1 1 0 
  1 1 0 
  1 1 0 
  1 1 0 
  1 1 0 
  1 1 0 
  1 1 0 
  1 1 0 
  1 1 0 
  1 1 0 
  1 1 0 
  1 1 0 
  1 1 0 
  1 1 0 
  1 1 0 
  1 1 0 
  1 1 0 
  1 1 0 
  1 1 0 
  1 1 0 
  1 1 0 
  1 1 0 
  1 1 0 
  1 1 0 
  1 1 0 
  1 1 0 
  1 1 0 
  1 1 0 
  1 1 0 
  1 1 0 
  1 1 0 
  1 1 0 
  1 1 0 
  1 1 0 
  1 1 0 
  1 1 0 
  1 1 0 
  1 1 0 
  1 1 0 
  1 1 0 
  1 1 0 
  1 1 0 
  1 1 0 
  1 1 0 
  1 1 0 
  1 1 0 
  1 1 0 
  1 1 0 
  1 1 0 
  1 1 0 
  1 1 0 
  1 1 0 
  1 1 0 
  1 1 0 
  1 1 0 
  1 1 0 
  1 1 0 
  1 1 0 
  1 1 0 
  1 1 0 
  1 1 0 
  1 1 0 
  1 1 0 
  1 1 0 
  1 1 0 
  1 1 0 
  1 1 0 
  1 1 0 
  1 1 0 
  1 1 0 
  1 1 0 
  1 1 0 
  1 1 0 
  1 1 0 
  1 1 0 
  1 1 0 
  1 1 0 
  1 1 0 
  1 1 0 
  1 1 0 
  1 1 0 
  1 1 0 
  1 1 0 
  1 1 0 
  1 1 0 
  1 1 0 
  1 1 0 
  1 1 0 
  1 1 0 
  1 1 0 
  1 1 0 
  1 1 0 
  1 1 0 
  1 1 0 
  1 1 0 
  1 1 0 
  1 1 0 
  1 1 0 
  1 1 0 
  1 1 0 
  1 1 0 
  1 1 0 
  1 1 0 
  1 1 0 
  1 1 0 
  1 1 0 
  1 1 0 
  1 1 0 
  1 1 0 
  1 1 0 
  1 1 0 
  1 1 0 
  1 1 0 
  1 1 0 
  1 1 0 
  1 1 0 
  1 1 0 
  1 1 0 
  1 1 0 
  1 1 0 
  1 1 0 
  1 1 0 
  1 1 0 
  1 1 0 
  1 1 0 ]

2993188709 2919097774 376937503 2982929156 3191185231 2661019711 2862955696 653403064 3881359232 2073237159 2404669367 3828882221 3463495179 1766131931 1356929399 2504646578 3978085746 4228611899 2238429216 3266342191 3590193510 3823249245 581194509 1098312767 3901646188 172960002 2676995982 2162822296 747181744 3292719517 2439544927 3792202338 1514884483 4171404048 1012632057 3920972509 2109722045 2339808964 3280236867 3858450614 786498177 2871253644 2877498591 245973073 1682762600 1744156610 2171289437 3861191832 1005824431 4084999334 2798601610 4224877823 3722146564 2953915481 3589820120 1843029286 2067191050 795659513 3314620474 104218000 2933891099 1020623520 3592725062 1744846541 471844954 3820389108 966155292 1223787277 2312476657 1735501555 4141446923 2262771804 2128383728 3805431093 346922509 3376667926 1920092992 2939200906 1472135340 3735697567 3008877131 2558683780 4224121495 1071615276 2531283619 1159743467 1757297079 3090567337 358630568 493381976 1751394971 992211307 1975854748 2528211401 2620997508 1454354898 960430411 639695810 1619143882 2066529654 3989008682 2951783098 3601480586 2421830743 2960952769 1786469170 1922491166 3098144570 363656218 1716813845 3921152129 2802352717 1177299607 3225560554 3017618563 2731292217 2095542814 1511193027 3747134428 453522350 2757482422 2688012654 460465256 628295551 3097102190 2933642425 956708396 998088443 311029784 1378222166 173195489 4081208546 1126006129 914658424 1592246851 4143748994 3923795146 1343413710 533377270 2549984959 1379218395 1956702021 3296274196 4129645762 1403801722 2100386094 1624984806 102437367 1776579437 1192590410 3879317205 2130501490 3364146140 4012738596 3198321952 95143656 2486216788 414478058 3616091912 3687831787 3849225723 526250326 2382383457 3325745943 1681679609 3589956641 412586007 170188652 2708641457 3345039121 1687420316 409217745 1052726686 2043694136 3995677853 2276722315 2888962750 430097320 1787926148 3388833888 574585923 3713891824 1292706140 2879248815 579581762 985381271 785903870 440008424 2832157524 3755362902 95779770 2359195316 1290247813 2681758540 2399436592 3874428353 2149870610 41993914 2151533152 1259486122 1640213234 3592290511 3156929194 1488328253 1329633823 1653789859 2959665483 414359950 314207397 4264660839 2628652477 2700897066 2518065139 941722598 4026814439 3680112149 2871608947 2044778247 3244106283 2534622447 132614954 4175894967 195286448 3915906297 40080345 1620800199 1892416643 1341342199 946321878 601083800 658055750 1247158129 3588079830 2786535284 4077429625 2613387308 1883095036 444395109 2333901785 1045276291 653989796 2578213394 2088752856 61548434 4158519400 2710943412 2774757899 521556592 4090360335 3891535882 150698335 1823406234 1399432039 3020614649 1962531212 1688146803 1804164020 733039842 1438479490 1230057575 1206682196 3156191784 2357001614 2211825619 1919830392 2717242449 290086311 1916705766 4047060411 874766263 3519106868 2286755419 1840963167 2276157452 1851740255 3117561401 143782622 2438602450 2366602962 2148168460 328338676 1322062456 2896106056 3992272863 3355998425 1638441756 2670284665 1110321947 1978081201 3310402346 184921790 628571984 3459506194 3210424182 3305761664 2536244732 2591461825 18842032 2188974405 840309565 3705669467 291995315 2071362797 2957108280 835965662 3403440304 2109828875 2098533776 448305788 752582678 320196264 3378148989 3986053619 1827188169 2970693328 1556541764 1975071368 3506323523 490822908 2909780723 3584242705 404735519 2522699935 1220838094 4076959040 2313173686 35971183 1429008195 3470316755 3935320489 2487624435 1826011544 2421874818 3620989488 3514723044 2616563308 1796362344 3500135389 664102909 3913332671 2876978186 1725436499 482445130 1224843815 2785200071 1203984487 56857124 3310643803 295180684 3110897381 1486739132 477371757 3195089893 2764154353 3681102171 3839177485 2806886684 2214720027 3171459032 4077857970 2932758650 2524958601 812262098 4127204163 3564822420 3115937200 2859579760 158948073 3557441337 3681560399 829875367 2449178680 2083024506 3933801034 57081498 2979640475 1404047865 262693722 2975402511 1280758884 1857482300 3055063076 2949443991 1864433632 2079691911 4060572538 2327459587 2850873783 3094989477 3460354866 1147373420 3533739333 1279803938 828795347 1303983609 3652897793 880512405 1453698792 4029595197 4226609688 3405405111 4282455455 943349352 638492288 2260817041 1073789869 2254859873 1665894896 1127993940 3704784251 2731549623 3986686081 535314292 801728033 841388053 74966491 2172517812 1606448596 3814649663 1080544939 699685958 932725564 2106973976 3302436460 1664330542 1214126144 2241663996 1251387507 1911221199 295475573 939676815 1438564874 1248563704 2126992898 235468998 3996594305 1242933233 4187407095 2902517396 372041154 1352056932 1057767850 1528566082 238383009 2909230484 366929630 3502494038 592582960 3826295691 3005487601 1637020714 3317294970 2096289166 4192885346 3408125965 3671876666 556952878 2863110861 1240269531 1950052943 1622862764 2085028929 1588189671 525143331 3244856484 199722557 230341656 3905766304 1267676409 725427714 1983174189 1470809183 3219474356 2873324972 2523104604 3576754229 993387823 2717162325 478118670 903719253 2637972036 1551404301 4134851359 4179730343 2590109208 2109404933 3664296709 258152082 1504980492 2060013914 1010054736 1056760688 1875215775 3920408675 400584966 4163247662 48434043 409919980 1691409314 3765600272 2969368328 3338926958 4009697205 2008724483 182507109 1893120777 155556695 3528035599 2340501617 1408702762 2741809995 2717959645 2810793804 692638092 1539660007 2795104246 1492542416 4294441482 2085675034 3090583420 2918738683 2536091287 1559306178 75316167 1569843282 1571383159 2760995520 1425864554 4200507817 1233044478 1401398508 2660311602 612309503 1198438107 2959190403 919590342 2335536525 2125915950 1526787267 3334217539 484426124 796137832 20804516 1958823519 3097795993 2282856360 3917956205 3421258104 3748546093 2528091310 3680523445 773975280 728722778 2843079575 3032240743 1719751441 3457375628 2473334437 1696526969 1956646724 401564758 1999475025 4272780286 2261699462 3323829492 1329517060 2213245994 2979323443 3646354701 3846866797 1159766882 4042943576 4218093204 765243251 4094457204 3763502624 170658955 3915455403 798128399 2685763330 1134761618 2262207964 1309178166 1738123345 3699841530 2012093005 2305444796 2362522783 653162106 1286318705 281021636 929826411 2458079513 3796628393 3796197746 2325132694 1212068864 4008011357 2909296971 1687381711 696505257 494744992 3375591559 3116531984 212091340 3005408666 2105885158 1995498950 4366645 3077106872 2159718708 611882813 3069535909 2523005713 3255752232 1679850954 3674990337 1166999813 82633477 2791090745 1176485847 1026264352 3296755725 3024554744 586 
