3
       319946982	       837783683
         6425029	         6476264
       167803016	       171729250
        16096565	       253715680
        16100615	        17405702
        20731232	       254068360
        20727182	        21017644
        12378729	        21283436
        12392036	        14815998
        12384706	        14806949
        12385664	        21282995
        11259323	        20589082
        11262885	        20592323
         5000000	         9099377
         5000000	         9099377
(0,399) x (0,2)
[ (-0.6991258467953633) (0.8232389883089302) (-1.184761100502256) 
  (-0.7275858501301332) (0.7606533062614227) (-1.252488842723191) 
  (-0.743444139141248) (0.820494738698484) (-1.171632862197304) 
  (-0.728029982307464) (0.7793102904645329) (-1.162182302083286) 
  (-0.7515763169856478) (0.7725452897370073) (-1.202029829214836) 
  (-0.6940468689966065) (0.7836133703234428) (-1.184200784102795) 
  (-0.7029234936677727) (0.7288765853807403) (-1.14548217257279) 
  (-0.6994087624853061) (0.6746465540432) (-1.129465506452197) 
  (-0.7277574819262824) (0.7037669924458855) (-1.006313310640473) 
  (-0.6837906117969463) (0.7431138733526315) (-1.069924509124603) 
  (-0.6692809540668722) (0.7665770248318371) (-1.13037975190403) 
  (-0.6642004239782057) (0.7871429782447243) (-1.114689294967939) 
  (-0.674543838744037) (0.7391296448174726) (-1.118732685669404) 
  (-0.6070287539435321) (0.7642184669800934) (-1.094862359413345) 
  (-0.6485760001254569) (0.7989771585687668) (-1.138208599875641) 
  (-0.6570290498575262) (0.8097019933166167) (-1.152256303492925) 
  (-0.6729765191814359) (0.835241263760179) (4.202309171669185) 
  (-0.6598501626415818) (0.8449616809533974) (4.179832565328577) 
  (-0.698415218096302) (0.8402729235631463) (4.196520605278537) 
  (-0.6365458999577912) (0.8454647276240735) (4.162031394062325) 
  (-0.6355370321637347) (0.8159288622371409) (4.142662526330282) 
  (-0.5877859886260637) (0.8434601505338647) (4.207586144258952) 
  (-0.5543317876581486) (0.7595624701994722) (4.18589961392748) 
  (-0.5269690550229122) (0.7640818271955567) (4.16587461502429) 
  (-0.6007014648858541) (0.7960313219060923) (4.105804503402775) 
  (-0.6187557197548664) (0.6681731301878094) (4.033462481341608) 
  (-0.5887267213419809) (0.6410887386167399) (4.067277661747358) 
  (-0.5856528160065626) (0.6973188790133821) (4.065658071588983) 
  (-0.6113277252572696) (0.7274013525388615) (4.037128350306665) 
  (-0.6434833818029196) (0.7571342909851305) (4.011209319598826) 
  (-0.6161506421003852) (0.8043807628932207) (3.972985192061039) 
  (-0.5373917152835822) (0.8313576874409071) (3.984196135791071) 
  (-0.5651704326985221) (0.8439077803282873) (3.955888442323976) 
  (-0.5696340711475674) (0.7587708244176548) (4.016869946175293) 
  (-0.5597910744798089) (0.7722681646919394) (-1.141129583295328) 
  (-0.5673648172035347) (0.7993507855267022) (-1.133730364622972) 
  (-0.5258406203101185) (0.7974405206141032) (-1.11095981615667) 
  (-0.5432316979887044) (0.7655804239098285) (0.2675391161052283) 
  (-0.541919025061385) (0.7789596585852698) (0.2553182333245916) 
  (-0.4279855199769738) (0.7241474205571664) (0.2860221649732906) 
  (-0.425682921786264) (0.7032026397600427) (0.3021917290256859) 
  (-0.4096442640061105) (0.6769255745520498) (0.3414521203901) 
  (-0.401159869826835) (0.6132913225934972) (0.3171202419707334) 
  (-0.4457840396434882) (0.5770081694191408) (0.3215699348011364) 
  (-0.4626500892954276) (0.6224646513008111) (0.2984562969271538) 
  (-0.5100007779325669) (0.6092084048828835) (0.3192428987133872) 
  (-0.4822678910695822) (0.5675924650397557) (0.3269016225629265) 
  (-0.5383516806701103) (0.5729751833605307) (0.2994284964326182) 
  (-0.5444339184905851) (0.5662735198084561) (-5.665749572217464) 
  (-0.5107188733535971) (0.5337466883020805) (-5.715637791667381) 
  (-0.5919423495705088) (0.5058909804186124) (-5.717277025251755) 
  (-0.5953750583791546) (0.5394997672958365) (-5.681863770412101) 
  (-0.5677092105614778) (0.5127475224384963) (-5.688317145107201) 
  (-0.5273607612747538) (0.5267060543252234) (-5.727357186744554) 
  (-0.5696899282807513) (0.4639217869848738) (-5.743551068007946) 
  (-0.5972175629622259) (0.4103174782203787) (-5.731730835298007) 
  (-0.6387084585780122) (0.4190956639483221) (-5.688131958026918) 
  (-0.6514159931897919) (0.3855778133119623) (-5.672281507965265) 
  (-0.6466713898751512) (0.4603038566531766) (-5.658087494072357) 
  (-0.5705988065227653) (0.5181790242808878) (-5.68537790038783) 
  (-0.5912248972838811) (0.4891001306776906) (-5.707026105043269) 
  (-0.7396723283593647) (0.4851740761414333) (-5.757476337348247) 
  (-0.7672842855222469) (0.4343216639373744) (-5.801241750179953) 
  (-0.6891688628323089) (0.3970925789739467) (-5.66307736708617) 
  (-0.6919213493809295) (0.3590420455288712) (-5.671303015822541) 
  (-0.6973706453444244) (0.4712696582395633) (-5.61205848250299) 
  (-0.7468698679646459) (0.4490742695073339) (-5.661626395562359) 
  (-0.8424841859651506) (0.3938002749578608) (-5.667993361826227) 
  (-0.8098398524627887) (0.3812787714351685) (-5.754332214693012) 
  (-0.7770823814581937) (0.3287489915454938) (-5.764234805084082) 
  (-0.784458943301206) (0.3782152866492317) (4.672202859073877) 
  (-0.7749020739451836) (0.391633523354903) (4.567521999109574) 
  (-0.7710288692704276) (0.4108401150182984) (4.544230201133892) 
  (-0.7669113353265082) (0.4528003483604313) (4.571370067706989) 
  (-0.7558991510889146) (0.4024281200089253) (4.570656832925962) 
  (-0.7969838446065909) (0.4689384677377771) (4.604589156656983) 
  (-0.8153577494812924) (0.496460073139437) (4.619330777238638) 
  (-0.7959503451736275) (0.530202632947958) (4.611746878794824) 
  (-0.7866151270725772) (0.585603263573318) (4.636131979055555) 
  (-0.7763795930617365) (0.5508636236989405) (4.720601793132748) 
  (-0.763533681194641) (0.4943579533868013) (4.703258121655143) 
  (-0.8065986962879174) (0.5181968652815778) (4.71371937430527) 
  (-0.7798451109082138) (0.5092402852405991) (4.714464874433768) 
  (-0.8434816394047255) (0.480915087637251) (4.718316621960558) 
  (0.5531728798580559) (-0.8251416958372033) (4.647370837229968) 
  (0.6412648112370555) (-0.83181061672134) (4.650732727827334) 
  (0.6051288114679131) (-0.808194000902775) (4.691255120825494) 
  (0.5724324993181167) (-0.7187291276341158) (4.732135455043039) 
  (0.5227606039069145) (-0.7824638558328705) (4.765719245012144) 
  (0.5293614788349553) (-0.7603906002133425) (4.82828721214621) 
  (0.6293848911095654) (-0.6593088369095368) (4.885624073057874) 
  (0.6456725790177836) (-0.634478463970205) (4.941627990181312) 
  (0.7184362389134504) (-0.6039141970050536) (4.8967609412687) 
  (0.6507635439343793) (-0.6418550437458014) (4.893500358155896) 
  (0.6145207601394198) (-0.7055030152630051) (4.883185554783831) 
  (0.6935619659444054) (-0.7245371839409138) (4.947487956118304) 
  (0.607205608295763) (-0.8555529259841291) (4.856851314573099) 
  (0.5845828476208209) (-0.941323251143477) (4.844403496285137) 
  (0.5106886820467316) (-0.9682792154565327) (4.004069012589753) 
  (0.4709758452112518) (-0.9904685483572931) (4.054851371155103) 
  (0.4403434804297565) (-1.017985465469047) (4.096822297464916) 
  (0.5411445979946772) (-0.9893321884656536) (4.130863744662475) 
  (0.5283076605618519) (-0.9657216753527537) (4.143916943845999) 
  (0.5247802600556325) (-1.020964374699214) (4.153762257222321) 
  (0.4405305341275539) (-1.104734586040335) (4.132678065177449) 
  (0.3699185734748871) (-1.122209209019361) (4.166687854531403) 
  (0.3673434290315091) (-1.117553905766207) (4.205182579730752) 
  (0.338032054214224) (-1.146825253107345) (4.170254153683237) 
  (0.3628172864879611) (-1.161851946907587) (4.140393156436473) 
  (0.3444249549806246) (-1.105300361390245) (4.121153532758771) 
  (0.3565004405495668) (-1.027718842945169) (4.135116946895801) 
  (0.3973908929417739) (-1.043145189059191) (4.171894051141729) 
  (0.3736571100491647) (-0.9970336641148151) (4.095726796468724) 
  (0.3183224283632226) (-0.9968439594343839) (4.120425274716563) 
  (0.3718291219393876) (-1.038759042315806) (4.157937068685872) 
  (0.3475440105542444) (-1.04813560011165) (4.230086884839934) 
  (0.3256407988255622) (-1.078180136900906) (4.188650344245794) 
  (0.3262655289652284) (-1.082358601696354) (4.220737757498482) 
  (0.3567791801784559) (-1.02765224364945) (4.107522909344431) 
  (0.4030661291011039) (-1.010317254239494) (4.12846944445794) 
  (0.4561703252903744) (-1.017531612577513) (4.193664432456616) 
  (0.4236157568433318) (-0.9635736300694856) (4.145128376761278) 
  (0.5105366507294278) (-0.9681883526075666) (4.141438787673948) 
  (0.555841146977076) (-0.9905653014240794) (4.173711919342504) 
  (0.6204373936209772) (-1.004567807032418) (4.149567189240307) 
  (0.627790632772995) (-0.9880725428794369) (4.195533703121426) 
  (0.6126670635636482) (-0.9182556672347842) (4.095522271810244) 
  (0.6162922450053089) (-0.8366078729975384) (4.127092935608028) 
  (0.64127309023389) (-0.8874400030469144) (4.128138965193719) 
  (0.6060395907019338) (-0.8358714333805803) (4.083780286829255) 
  (0.5135914664234631) (-0.8197975677706132) (4.115588743857552) 
  (0.5104875401837867) (-0.7948521633532133) (4.172007728586726) 
  (0.5678293266240811) (-0.8376542387257097) (4.214802420813287) 
  (0.6058667605269288) (-0.8750025761369296) (4.261178403481854) 
  (0.6166953391383535) (-0.8658993222702562) (4.274957659161754) 
  (0.6237811659597066) (-0.8887606461437918) (4.298620867738654) 
  (0.6557262358180086) (-0.8798833098427397) (4.26699335413836) 
  (0.6595631693874858) (-0.8608295528459861) (4.122193490522194) 
  (0.6776638494962478) (-0.8567529710686831) (4.13285534858082) 
  (0.6754300976142661) (-0.8485476568449969) (4.129529985830628) 
  (0.6592026639256522) (-0.8888093197250643) (4.113236526153618) 
  (0.6595189661246036) (-0.8324353867027923) (4.173180518717126) 
  (0.614853352964119) (-0.8155729423341116) (4.162782203408728) 
  (0.631092944759003) (-0.8034992578571921) (4.174233409535383) 
  (0.6858040827128593) (-0.8306941408986676) (4.184966984576436) 
  (0.6644660583377175) (-0.8834761427388039) (4.131391889861677) 
  (0.4493606160778074) (-0.8982289601567818) (4.079622747471105) 
  (0.4939832455858479) (-0.9079925385642482) (4.133947872152961) 
  (0.4542576933625497) (-0.9515099197977267) (4.168046095134455) 
  (0.4773910574322367) (-0.9457252409624611) (4.195493704114411) 
  (0.4905317673241478) (-0.9495178762926587) (4.150992272352312) 
  (0.5473159382100382) (-0.9970088249878157) (4.202343233298915) 
  (0.5347598041564771) (-0.9838042991136867) (9.144746055826545) 
  (0.4686421301051125) (-1.00332931756432) (9.167696307866223) 
  (0.5145864668089736) (-0.9963606158842059) (9.107180370321837) 
  (0.4414015393082502) (-0.9556922004940587) (9.164322044211417) 
  (0.4266972592317103) (-0.9714411990696136) (9.076537802880251) 
  (0.4239124693700407) (-0.8816817566425723) (9.132968118720195) 
  (0.4237702534829145) (-0.804520328558692) (9.108927133181693) 
  (0.4481744211368961) (-0.8596350366052264) (9.093657794873367) 
  (0.4044323529242611) (-0.8577777337341886) (9.105791965897287) 
  (0.4626138775068191) (-0.8225400610408784) (9.100040581448299) 
  (0.4096068734490954) (-0.7957062310354728) (9.150139591300206) 
  (0.4466259840217824) (-0.8106314563880718) (9.132808946844978) 
  (0.4716432558391542) (-0.866450001390096) (9.134379160241147) 
  (0.481849332753538) (-0.8651788891969314) (9.077480243448772) 
  (0.4532541570511417) (-0.8518308938817113) (9.140446647711984) 
  (0.4172624721953021) (-0.7773674171014804) (9.18614374617915) 
  (0.4516993053687706) (-0.6856152040294141) (9.158146769296055) 
  (0.5269892205014265) (-0.7142366098068645) (9.189885441303181) 
  (0.5355109718899759) (-0.7175995082642904) (-9.695090247207089) 
  (0.4916941891571495) (-0.6702983524698439) (-9.689417665128429) 
  (0.5161182139570312) (-0.6262401849885127) (-9.621290636779708) 
  (0.4981294345379776) (-0.5951545165384419) (-9.674145036930026) 
  (0.4928441859667478) (-0.71643257744656) (-9.715137379057499) 
  (0.5674918999450765) (-0.6828381861941417) (-9.726235079470044) 
  (0.607147663790665) (-0.7444984593828046) (-9.69418406700413) 
  (0.6123158912556376) (-0.7041929595889185) (-9.642490683569394) 
  (0.5161672950505689) (-0.7268149067215778) (-9.576714037130658) 
  (0.5355929429385669) (-0.7542328840850412) (-9.533323692751164) 
  (0.5674965098832342) (-0.6539997646646973) (4.453831372751385) 
  (0.4869884289597886) (-0.6352404423117353) (4.419296052558106) 
  (0.4554756031817929) (-0.6695234892030059) (4.403502584671575) 
  (0.3246714518213631) (-0.6222133856853123) (4.352750143458015) 
  (0.2445357008425458) (-0.6326766110900528) (4.342524011534631) 
  (0.3268910461811926) (-0.6530885821216145) (4.34813377477871) 
  (0.3105285053870059) (-0.6334457196387476) (4.285542013995275) 
  (0.395657511226651) (-0.5669595495709288) (4.244908796042342) 
  (0.4793362620363824) (-0.5658938011809717) (4.248836137201298) 
  (0.4748881216575704) (-0.5967606053613491) (4.271821251971097) 
  (0.454495601531433) (-0.5609885851495114) (4.296680550951776) 
  (0.5045944924204284) (-0.6078357688327838) (-5.177319290493624) 
  (0.5320730907755741) (-0.606598799947949) (9.55963724758476) 
  (0.5212979197621253) (-0.5382439545066013) (9.566229819448976) 
  (0.5055117222181038) (-0.5685906071117005) (9.531918455030185) 
  (0.470219777644559) (-0.6122093265207792) (9.467715236695462) 
  (0.4544705407761908) (-0.5800934040915301) (9.568086548833298) 
  (0.4410316526867912) (-0.6263698493904732) (9.603455660085578) 
  (0.4055170422833316) (-0.602122934725508) (1.336887904196645) 
  (0.3931653619329153) (-0.6127593172878034) (1.34327437373819) 
  (0.329678679044327) (-0.6789480730510254) (1.395401732606137) 
  (0.3681078817985641) (-0.6910783544551954) (1.400741688823173) 
  (0.4264354201709521) (-0.6758535440313739) (1.394036884934658) 
  (0.4336358356602749) (-0.6471463886226155) (1.44470003307466) 
  (0.3958067343447246) (-0.6097312249280835) (1.461333177281341) 
  (0.3835698854171368) (-0.6109451521487649) (1.441314015380385) 
  (0.4146278915188362) (-0.5959763593878271) (1.497633677418013) 
  (0.4519404571308502) (-0.6617604791862749) (1.521873870566163) 
  (0.4718879054452925) (-0.680150883893695) (1.562538583055851) 
  (0.471879245124549) (-0.6603192595858141) (1.6728695358484) 
  (0.4416901707683623) (-0.6447238876252089) (1.669345212210039) 
  (0.4149743885947764) (-0.696830250772813) (1.694296289951913) 
  (0.2590784489134274) (-0.6713761683470536) (1.661739409621587) 
  (0.2664466823131104) (-0.6587347727259893) (1.633218291372855) 
  (0.2632768139981613) (-0.6550087056856397) (1.599448418046151) 
  (0.2635754814216114) (-0.6973691312932175) (1.630368783428442) 
  (0.1660660376173568) (-0.6108626318096751) (1.652094427651085) 
  (0.2104513883870087) (-0.7071873377713984) (1.601958058081614) 
  (0.2775065829435519) (-0.698795041474797) (1.620415822192105) 
  (0.2947358112730876) (-0.6679082928783443) (1.512373561777669) 
  (0.3025936051567777) (-0.597098693693204) (1.542449489489908) 
  (0.3003775999003702) (-0.6237313750692411) (1.514120856909544) 
  (0.1934640511011703) (-0.658571619255335) (1.5106105918647) 
  (0.1896095691431946) (-0.6743642362518999) (1.5290699991134) 
  (0.1713624042512814) (-0.6956004915857897) (1.521953033405161) 
  (0.1607338982054974) (-0.6512427559200006) (1.547483175495792) 
  (0.1085390848503544) (-0.6257478330693508) (1.483492495937692) 
  (0.08054563420574327) (-0.6199030448396088) (1.456825464155462) 
  (0.1308431814199342) (-0.5668522703351191) (1.406313492710713) 
  (0.09678612188779219) (-0.5726828641263708) (1.39491632954477) 
  (0.04110171520359746) (-0.644241035485945) (1.422905283980072) 
  (-0.06151185961365584) (-0.5757149561634289) (1.466438378987257) 
  (-0.06544637779265876) (-0.6552697486718683) (1.495740457802158) 
  (-0.02208915146535524) (-0.7341838443286456) (1.473637082862769) 
  (-0.06855059327702756) (-0.680016915844263) (1.420856139078111) 
  (-0.004835928107549292) (-0.706132983957735) (1.484275661134655) 
  (-0.04717759973156337) (-0.6855330147869455) (1.54464692208712) 
  (-0.7134440803160884) (-0.02337157547286465) (1.56137846041914) 
  (-0.654935275939806) (-0.02020565603939229) (1.470575331965301) 
  (-0.6124551354760832) (-0.1015374124986863) (1.461741525774541) 
  (-0.6019887642599459) (-0.03001882077593257) (1.442774935701221) 
  (-0.5471704426025976) (0.02633573821394284) (1.402976427460266) 
  (-0.4835689860660277) (0.05583906410986396) (-8.74020682182163) 
  (-0.4941762222965637) (0.03366376405755696) (-8.68431883727531) 
  (-0.4918373368769749) (0.05357677324457114) (-8.614096986498657) 
  (-0.4859636826030931) (0.07587914971860404) (-8.643746588542509) 
  (-0.4730232821132345) (0.02164802839057382) (-8.572769846001039) 
  (-0.4843368467568916) (0.06405586860965282) (-8.559284974605523) 
  (-0.4940314438584686) (0.1492660415821806) (-8.571699619243809) 
  (-0.3948064094650034) (0.09778822522153008) (-8.576558878237661) 
  (-0.3457678003885477) (0.03629486434007227) (1.187481027798549) 
  (-0.3065679176355821) (-0.1095462002750811) (1.180114842497396) 
  (-0.3528032329797382) (-0.132411692360626) (-1.782298204489052) 
  (-0.4147913205397949) (-0.03553529015339339) (-1.765716859977884) 
  (-0.3795579676644018) (-0.0487693395659682) (-1.739273664637208) 
  (-0.3772768895394199) (-0.01598249186251696) (-1.738706674013184) 
  (-0.4161472993871829) (0.009171511630411418) (-1.733476604801065) 
  (-0.4304015022561293) (0.03721496349398256) (-1.716413626918268) 
  (-0.4319833518970733) (0.0593478617652155) (-1.741008658756735) 
  (-0.4360116565980379) (0.1036712040434361) (-1.693631975100306) 
  (-0.4035728808087289) (0.1164901402450053) (-1.727554138188942) 
  (-0.400187089080795) (0.1833381452010057) (-1.795684824768701) 
  (-0.334997782479047) (0.1770283041163037) (-1.757670244352787) 
  (-0.3183955170027605) (0.2340761394723606) (-1.765925103738663) 
  (-0.2647398128394912) (0.2605662403481318) (-1.76579046645501) 
  (-0.3250061238449515) (0.2237289960282289) (-1.778203439618909) 
  (-0.3127801875611741) (0.2297583656362535) (-1.742726769664546) 
  (-0.3825790105246962) (0.2156018310791092) (-1.702113264035809) 
  (-0.4379436949591389) (0.1847077248656454) (-1.696926607311339) 
  (-0.4122956093197189) (0.2030362530752685) (-1.737643320383172) 
  (-0.4189581873952251) (0.169086380063397) (-1.827393277675171) 
  (-0.4688732054497893) (0.1847426985162384) (-1.881334504152979) 
  (-0.4035165055554063) (0.1633055943976016) (-1.917611719118536) 
  (-0.3422973592201729) (0.2367738369687823) (-1.901884118402261) 
  (-0.3251978675799231) (0.2150548396775833) (-1.92686448977061) 
  (-0.2561931046406971) (0.2455251247935557) (-1.943913001599807) 
  (-0.2487973818818228) (0.2955527553968051) (-2.015232205672418) 
  (-0.2953005090267057) (0.2549014037873112) (-1.986199578106975) 
  (-0.3229205886159016) (0.3031779701580848) (-1.919268956265276) 
  (-0.3623945097437191) (0.2927667908781327) (-1.9638818313335) 
  (-0.4000886025696915) (0.3078461932474879) (-1.947233746939625) 
  (-0.4273314564178934) (0.2897234762078374) (-1.959773806008046) 
  (-0.4327369549755823) (0.3031058114676303) (-1.967695050857587) 
  (-0.4130664138978353) (0.292684150764476) (-1.881289212439295) 
  (-0.3961305886559489) (0.2962064667304832) (-1.868337960943917) 
  (-0.3655709544753382) (0.262525889176379) (-1.889431841405259) 
  (-0.3773206785376565) (0.2347642789099191) (-1.89739974504602) 
  (-0.3568773770703026) (0.2235891094850995) (-2.000342738929534) 
  (-0.3989980573561933) (0.1725041556383439) (-1.951375282293778) 
  (-0.3599859935321041) (0.167460802603324) (-1.967355774336174) 
  (-0.3581297557473029) (0.2552666019132612) (-1.950610627844341) 
  (-0.3434154130566782) (0.2604709816684634) (-1.907544032208323) 
  (-0.4088472416484387) (0.2181999249808398) (-1.934615111695164) 
  (-0.4436610982917726) (0.2359928754540303) (-1.95940838106091) 
  (-0.4080715898427904) (0.2763691318197939) (-1.939037874862203) 
  (-0.451093443673325) (0.3167876235015908) (-1.991798991902091) 
  (-0.4401474690988239) (0.2463643919095999) (-2.024949633812613) 
  (-0.3837758440829923) (0.1900750767175258) (-2.027576739031774) 
  (-0.4204161642262481) (0.1353925102340292) (-1.977150454025983) 
  (-0.3482722274379733) (0.08383457860539231) (-1.976800582364726) 
  (-0.3591059779110484) (0.08382352145106958) (-0.5452223656892062) 
  (-0.2817784724676495) (0.1222543161031422) (-0.5708631937912128) 
  (-0.2296932070867662) (0.08632877872789271) (-0.5624839283355465) 
  (-0.1922344693412425) (0.1027580451283477) (-0.5485417726458828) 
  (-0.172121440780809) (0.1206191875807093) (-0.5297720758779088) 
  (-0.1946547700475139) (0.1342809161658046) (-0.5558216150178299) 
  (-0.252841377821564) (0.0883521876276086) (-0.5858127765043719) 
  (-0.2820030531204608) (0.09998235345223461) (-0.5778424837560924) 
  (-0.355760992313686) (0.1340875063022775) (-0.6219896839881722) 
  (-0.3573490333944166) (0.1309238226675908) (-0.5557069866932512) 
  (-0.3342383972356679) (0.1788005843913328) (-0.5276765309527793) 
  (-0.3873016411004269) (0.07055493915461968) (-0.5887528270917389) 
  (-0.4047301391952128) (0.1163693250916512) (-0.5693708288540598) 
  (-0.3899158294878913) (0.1257390979249654) (-0.6146758704875978) 
  (-0.3927604554876372) (0.06318961276910466) (-0.6126556970495363) 
  (-0.4389368379211047) (-0.02101280968699021) (-0.6002254575909322) 
  (-0.5057807213822387) (-0.03093225807255762) (-0.5888840875912951) 
  (-0.462351170639598) (-0.01698051644458667) (-0.6009419195136674) 
  (-0.4281527850675741) (-0.06664786042574024) (-0.654294888760408) 
  (-0.4511293031064688) (-0.0672055914610992) (-0.6249802062903606) 
  (-0.5162058008818942) (-0.06608753505493614) (-0.6626889886417598) 
  (-0.5529003040760547) (0.01221098669686412) (-0.7298157365934584) 
  (-0.5206485987893666) (0.0535794433595035) (-0.6812729531746229) 
  (-0.4938512462195352) (0.05127378960478175) (-0.680111258188143) 
  (-0.4319049695184939) (-0.003073315404542906) (-0.6904660263441356) 
  (-0.4524717749918519) (-0.002189848652810301) (-0.6662226259158467) 
  (-0.3547156852315602) (0.003353992410720152) (-0.6456437207400472) 
  (-0.3823923519691328) (0.02747797910036131) (-0.5859329690879483) 
  (-0.4357231536770038) (0.0838756876761895) (-0.5360256866671151) 
  (-0.3939977114275147) (0.1310175039872706) (-0.5392562975753059) 
  (-0.4089042015307494) (0.1550280235592817) (-0.5587926674559445) 
  (-0.3803075048429391) (0.1693936794090613) (-0.5714431581417962) 
  (-0.4087053723478055) (0.1236330791188581) (-0.646249682513381) 
  (-0.4169163083274214) (0.1012608221931476) (-0.642137515442968) 
  (-0.4983399076083785) (0.06550009029138366) (-0.6318160707319883) 
  (-0.5059821765913316) (0.1386193028194558) (-0.5290767590901201) 
  (-0.452131239187441) (0.1690253334377514) (-0.5444983447066749) 
  (-0.4393568821219468) (0.1465684083005724) (-0.5739845633917846) 
  (-0.447671112765649) (0.217995003735156) (-0.5500154565545537) 
  (-0.4228033020077008) (0.1689319593985043) (-0.5638210784245289) 
  (-0.4311444470359124) (0.1848157987789353) (-0.6172318407629747) 
  (-0.4285480602116056) (0.142407714836687) (-0.6815119109483521) 
  (-0.4799178199085147) (0.114951451503117) (-0.7389630119180263) 
  (-0.4836137506869579) (0.1960232571261359) (-0.7518324207510343) 
  (-0.4482684032357833) (0.2193306164614779) (-0.6749674741759648) 
  (-0.4460131951612744) (0.275071152105482) (-0.6520620553261935) 
  (-0.4867382650558723) (0.3512211874718216) (-0.6596814245047178) 
  (-0.4908974462810061) (0.4054243981210333) (-0.6306798990908924) 
  (-0.5033461720033615) (0.4960372185808158) (-0.6605889893434975) 
  (-0.5564156632662078) (0.5399667190836093) (-0.5823143148998894) 
  (-0.5647332838214825) (0.6460344118084441) (-4.98031806666404) 
  (-0.4903247793220682) (0.6539736000302212) (-5.080766415066871) 
  (-0.4341555949112889) (0.6928113315375054) (-5.106751580542341) 
  (-0.4364560247299643) (0.598278528723072) (-5.132547918090344) 
  (-0.4040911699516769) (0.5753108698154739) (-5.237789442820806) 
  (-0.4395689943689375) (0.5804777792749074) (-5.309490421788102) 
  (-0.3885131324922804) (0.4802390455828707) (-5.266509078380371) 
  (-0.3626661288287003) (0.4962166032020405) (-5.282851070441255) 
  (-0.4032235886827333) (0.4875962230018746) (-5.313486115685004) 
  (-0.3981735598549373) (0.5207027135945865) (-5.34466426901056) 
  (-0.4458223238252254) (0.5705933119573601) (-5.299062374335763) 
  (-0.4627856517688089) (0.5306260198363719) (-5.268350980192648) 
  (-0.5082850565110894) (0.5328956241845851) (-5.299250577936758) 
  (-0.4906565992430496) (0.6100859704538163) (-5.208124248556009) 
  (-0.5014902639425868) (0.6163582821343129) (-5.169083555825612) 
  (-0.5311854107842513) (0.5903605340270121) (-5.152737448281892) 
  (-0.5522860172212429) (0.6002178174656443) (-5.241708603013337) 
  (-0.6300568830618043) (0.622130536353471) (-5.272239480026906) 
  (-0.5990043384219441) (0.705158340917415) (-5.261796419863355) 
  (-0.5756032167840811) (0.7557333734087707) (-5.266100331642412) 
  (-0.5388306262078215) (0.7466338230576162) (-5.377575993385729) 
  (-0.5083178034546262) (0.7331243739589233) (-5.348555967285796) 
  (-0.6181674547692116) (0.7672573393352667) (-5.39816266322003) 
  (-0.5740394754989201) (0.7613435707401299) (-5.361888942381904) 
  (-0.5969336181236233) (0.7011587448512797) (-5.351111008966391) 
  (-0.5631097332675107) (0.6551753304325023) (-5.359936939462443) 
  (-0.5645478621630365) (0.7031606732642028) (-5.366921829290656) 
  (-0.5956224478239375) (0.6288448936816228) (-5.363641785939634) 
  (-0.6076707354401758) (0.7280013811117763) (-1.214079812015316) 
  (-0.5756251203270414) (0.7201817008733337) (-1.264323951187033) 
  (-0.5434903923602473) (0.7508452206000281) (-1.223579392952653) 
  (-0.5644151764511472) (0.7672765471270268) (-1.145383141242715) 
  (-0.5401431654857554) (0.7856449104807773) (-1.168293189616585) 
  (-0.5505809511141785) (0.7498032539006229) (-1.170224431204206) 
  (-0.5725694121272453) (0.7478635422596629) (-1.160434580163954) 
  (-0.622130502739798) (0.7261160943698728) (-1.130949070539485) 
  (-0.6330088458870945) (0.7313978163267713) (-1.03782300308789) 
  (-0.6391620544281034) (0.7327283419868027) (-1.039678596075537) 
  (-0.671591063522061) (0.7495944585179847) (-1.076053181009671) 
  (-0.6522791740944111) (0.7275343991674488) (-1.029381334681411) 
  (-0.6342419117799452) (0.6937030040847965) (-1.143891279431909) 
  (-0.6884499504999427) (0.5834818125359318) (-1.076455140041723) 
  (-0.6414843881371499) (0.6947148048062406) (-1.120681109110936) 
  (-0.6411049037184634) (0.6521694110698796) (-1.174722382825719) 
  (-0.6617027019829904) (0.6992858348446125) (-1.209445651771589) 
  (-0.7105222207560619) (0.8049517393342318) (-1.213462233730041) 
  (-0.6826862868265764) (0.7874925887215618) (-1.183654497308225) 
  (-0.7004858552437838) (0.8362155750111006) (-1.202015392507476) 
  (-0.6952441973030913) (0.8160776605232163) (-1.263945915242747) 
  (-0.6839909397557524) (0.8215597953095116) (-1.237698925973662) ]

(0,399) x (0,2)
[ (1,0) (1,1) (-1,-1) 
  (2,0) (2,1) (-1,-1) 
  (3,0) (3,1) (-1,-1) 
  (4,0) (4,1) (-1,-1) 
  (5,0) (5,1) (-1,-1) 
  (6,0) (6,1) (-1,-1) 
  (7,0) (7,1) (-1,-1) 
  (8,0) (8,1) (-1,-1) 
  (9,0) (9,1) (-1,-1) 
  (10,0) (10,1) (-1,-1) 
  (11,0) (11,1) (-1,-1) 
  (12,0) (12,1) (-1,-1) 
  (13,0) (13,1) (-1,-1) 
  (14,0) (14,1) (-1,-1) 
  (15,0) (15,1) (-1,-1) 
  (16,0) (16,1) (-1,-1) 
  (17,0) (17,1) (-1,-1) 
  (18,0) (18,1) (-1,-1) 
  (19,0) (19,1) (-1,-1) 
  (20,0) (20,1) (-1,-1) 
  (21,0) (21,1) (-1,-1) 
  (22,0) (22,1) (-1,-1) 
  (23,0) (23,1) (-1,-1) 
  (24,0) (24,1) (-1,-1) 
  (25,0) (25,1) (-1,-1) 
  (26,0) (26,1) (-1,-1) 
  (27,0) (27,1) (-1,-1) 
  (28,0) (28,1) (-1,-1) 
  (29,0) (29,1) (-1,-1) 
  (30,0) (30,1) (-1,-1) 
  (31,0) (31,1) (-1,-1) 
  (32,0) (32,1) (-1,-1) 
  (33,0) (33,1) (-1,-1) 
  (34,0) (34,1) (-1,-1) 
  (35,0) (35,1) (-1,-1) 
  (36,0) (36,1) (-1,-1) 
  (37,0) (37,1) (-1,-1) 
  (38,0) (38,1) (-1,-1) 
  (39,0) (39,1) (-1,-1) 
  (40,0) (40,1) (-1,-1) 
  (41,0) (41,1) (-1,-1) 
  (42,0) (42,1) (-1,-1) 
  (43,0) (43,1) (-1,-1) 
  (44,0) (44,1) (-1,-1) 
  (45,0) (45,1) (-1,-1) 
  (46,0) (46,1) (-1,-1) 
  (47,0) (47,1) (-1,-1) 
  (48,0) (48,1) (-1,-1) 
  (49,0) (49,1) (-1,-1) 
  (50,0) (50,1) (-1,-1) 
  (51,0) (51,1) (-1,-1) 
  (52,0) (52,1) (-1,-1) 
  (53,0) (53,1) (-1,-1) 
  (54,0) (54,1) (-1,-1) 
  (55,0) (55,1) (-1,-1) 
  (56,0) (56,1) (-1,-1) 
  (57,0) (57,1) (-1,-1) 
  (58,0) (58,1) (-1,-1) 
  (59,0) (59,1) (-1,-1) 
  (60,0) (60,1) (-1,-1) 
  (61,0) (61,1) (-1,-1) 
  (62,0) (62,1) (-1,-1) 
  (63,0) (63,1) (-1,-1) 
  (64,0) (64,1) (-1,-1) 
  (65,0) (65,1) (-1,-1) 
  (66,0) (66,1) (-1,-1) 
  (67,0) (67,1) (-1,-1) 
  (68,0) (68,1) (-1,-1) 
  (69,0) (69,1) (-1,-1) 
  (70,0) (70,1) (-1,-1) 
  (71,0) (71,1) (-1,-1) 
  (72,0) (72,1) (-1,-1) 
  (73,0) (73,1) (-1,-1) 
  (74,0) (74,1) (-1,-1) 
  (75,0) (75,1) (-1,-1) 
  (76,0) (76,1) (-1,-1) 
  (77,0) (77,1) (-1,-1) 
  (78,0) (78,1) (-1,-1) 
  (79,0) (79,1) (-1,-1) 
  (80,0) (80,1) (-1,-1) 
  (81,0) (81,1) (-1,-1) 
  (82,0) (82,1) (-1,-1) 
  (83,0) (83,1) (-1,-1) 
  (84,1) (84,0) (-1,-1) 
  (85,0) (85,1) (-1,-1) 
  (86,0) (86,1) (-1,-1) 
  (87,0) (87,1) (-1,-1) 
  (88,0) (88,1) (-1,-1) 
  (89,0) (89,1) (-1,-1) 
  (90,0) (90,1) (-1,-1) 
  (91,0) (91,1) (-1,-1) 
  (92,0) (92,1) (-1,-1) 
  (93,0) (93,1) (-1,-1) 
  (94,0) (94,1) (-1,-1) 
  (95,0) (95,1) (-1,-1) 
  (96,0) (96,1) (-1,-1) 
  (97,0) (97,1) (-1,-1) 
  (98,0) (98,1) (-1,-1) 
  (99,0) (99,1) (-1,-1) 
  (100,0) (100,1) (-1,-1) 
  (101,0) (101,1) (-1,-1) 
  (102,0) (102,1) (-1,-1) 
  (103,0) (103,1) (-1,-1) 
  (104,0) (104,1) (-1,-1) 
  (105,0) (105,1) (-1,-1) 
  (106,0) (106,1) (-1,-1) 
  (107,0) (107,1) (-1,-1) 
  (108,0) (108,1) (-1,-1) 
  (109,0) (109,1) (-1,-1) 
  (110,0) (110,1) (-1,-1) 
  (111,0) (111,1) (-1,-1) 
  (112,0) (112,1) (-1,-1) 
  (113,0) (113,1) (-1,-1) 
  (114,0) (114,1) (-1,-1) 
  (115,0) (115,1) (-1,-1) 
  (116,0) (116,1) (-1,-1) 
  (117,0) (117,1) (-1,-1) 
  (118,0) (118,1) (-1,-1) 
  (119,0) (119,1) (-1,-1) 
  (120,0) (120,1) (-1,-1) 
  (121,0) (121,1) (-1,-1) 
  (122,0) (122,1) (-1,-1) 
  (123,0) (123,1) (-1,-1) 
  (124,0) (124,1) (-1,-1) 
  (125,0) (125,1) (-1,-1) 
  (126,0) (126,1) (-1,-1) 
  (127,0) (127,1) (-1,-1) 
  (128,0) (128,1) (-1,-1) 
  (129,0) (129,1) (-1,-1) 
  (130,0) (130,1) (-1,-1) 
  (131,0) (131,1) (-1,-1) 
  (132,0) (132,1) (-1,-1) 
  (133,0) (133,1) (-1,-1) 
  (134,0) (134,1) (-1,-1) 
  (135,0) (135,1) (-1,-1) 
  (136,0) (136,1) (-1,-1) 
  (137,0) (137,1) (-1,-1) 
  (138,0) (138,1) (-1,-1) 
  (139,0) (139,1) (-1,-1) 
  (140,0) (140,1) (-1,-1) 
  (141,0) (141,1) (-1,-1) 
  (142,0) (142,1) (-1,-1) 
  (143,0) (143,1) (-1,-1) 
  (144,0) (144,1) (-1,-1) 
  (145,0) (145,1) (-1,-1) 
  (146,0) (146,1) (-1,-1) 
  (147,0) (147,1) (-1,-1) 
  (148,0) (148,1) (-1,-1) 
  (149,0) (149,1) (-1,-1) 
  (150,0) (150,1) (-1,-1) 
  (151,0) (151,1) (-1,-1) 
  (152,0) (152,1) (-1,-1) 
  (153,0) (153,1) (-1,-1) 
  (154,0) (154,1) (-1,-1) 
  (155,0) (155,1) (-1,-1) 
  (156,0) (156,1) (-1,-1) 
  (157,0) (157,1) (-1,-1) 
  (158,0) (158,1) (-1,-1) 
  (159,0) (159,1) (-1,-1) 
  (160,0) (160,1) (-1,-1) 
  (161,0) (161,1) (-1,-1) 
  (162,0) (162,1) (-1,-1) 
  (163,0) (163,1) (-1,-1) 
  (164,0) (164,1) (-1,-1) 
  (165,0) (165,1) (-1,-1) 
  (166,0) (166,1) (-1,-1) 
  (167,0) (167,1) (-1,-1) 
  (168,0) (168,1) (-1,-1) 
  (169,0) (169,1) (-1,-1) 
  (170,0) (170,1) (-1,-1) 
  (171,0) (171,1) (-1,-1) 
  (172,0) (172,1) (-1,-1) 
  (173,0) (173,1) (-1,-1) 
  (174,0) (174,1) (-1,-1) 
  (175,0) (175,1) (-1,-1) 
  (176,0) (176,1) (-1,-1) 
  (177,0) (177,1) (-1,-1) 
  (178,0) (178,1) (-1,-1) 
  (179,0) (179,1) (-1,-1) 
  (180,0) (180,1) (-1,-1) 
  (181,0) (181,1) (-1,-1) 
  (182,0) (182,1) (-1,-1) 
  (183,0) (183,1) (-1,-1) 
  (184,0) (184,1) (-1,-1) 
  (185,0) (185,1) (-1,-1) 
  (186,0) (186,1) (-1,-1) 
  (187,0) (187,1) (-1,-1) 
  (188,0) (188,1) (-1,-1) 
  (189,0) (189,1) (-1,-1) 
  (190,0) (190,1) (-1,-1) 
  (191,0) (191,1) (-1,-1) 
  (192,0) (192,1) (-1,-1) 
  (193,0) (193,1) (-1,-1) 
  (194,0) (194,1) (-1,-1) 
  (195,0) (195,1) (-1,-1) 
  (196,0) (196,1) (-1,-1) 
  (197,0) (197,1) (-1,-1) 
  (198,0) (198,1) (-1,-1) 
  (199,0) (199,1) (-1,-1) 
  (200,0) (200,1) (-1,-1) 
  (201,0) (201,1) (-1,-1) 
  (202,0) (202,1) (-1,-1) 
  (203,0) (203,1) (-1,-1) 
  (204,0) (204,1) (-1,-1) 
  (205,0) (205,1) (-1,-1) 
  (206,0) (206,1) (-1,-1) 
  (207,0) (207,1) (-1,-1) 
  (208,0) (208,1) (-1,-1) 
  (209,0) (209,1) (-1,-1) 
  (210,0) (210,1) (-1,-1) 
  (211,0) (211,1) (-1,-1) 
  (212,0) (212,1) (-1,-1) 
  (213,0) (213,1) (-1,-1) 
  (214,0) (214,1) (-1,-1) 
  (215,0) (215,1) (-1,-1) 
  (216,0) (216,1) (-1,-1) 
  (217,0) (217,1) (-1,-1) 
  (218,0) (218,1) (-1,-1) 
  (219,0) (219,1) (-1,-1) 
  (220,0) (220,1) (-1,-1) 
  (221,0) (221,1) (-1,-1) 
  (222,0) (222,1) (-1,-1) 
  (223,0) (223,1) (-1,-1) 
  (224,0) (224,1) (-1,-1) 
  (225,0) (225,1) (-1,-1) 
  (226,0) (226,1) (-1,-1) 
  (227,0) (227,1) (-1,-1) 
  (228,0) (228,1) (-1,-1) 
  (229,0) (229,1) (-1,-1) 
  (230,0) (230,1) (-1,-1) 
  (231,0) (231,1) (-1,-1) 
  (232,0) (232,1) (-1,-1) 
  (233,0) (233,1) (-1,-1) 
  (234,0) (234,1) (-1,-1) 
  (235,0) (235,1) (-1,-1) 
  (236,0) (236,1) (-1,-1) 
  (237,1) (237,0) (-1,-1) 
  (238,0) (238,1) (-1,-1) 
  (239,0) (239,1) (-1,-1) 
  (240,0) (240,1) (-1,-1) 
  (241,0) (241,1) (-1,-1) 
  (242,0) (242,1) (-1,-1) 
  (243,0) (243,1) (-1,-1) 
  (244,0) (244,1) (-1,-1) 
  (245,0) (245,1) (-1,-1) 
  (246,0) (246,1) (-1,-1) 
  (247,0) (247,1) (-1,-1) 
  (248,0) (248,1) (-1,-1) 
  (249,0) (249,1) (-1,-1) 
  (250,0) (250,1) (-1,-1) 
  (251,0) (251,1) (-1,-1) 
  (252,0) (252,1) (-1,-1) 
  (253,0) (253,1) (-1,-1) 
  (254,0) (254,1) (-1,-1) 
  (255,0) (255,1) (-1,-1) 
  (256,0) (256,1) (-1,-1) 
  (257,0) (257,1) (-1,-1) 
  (258,0) (258,1) (-1,-1) 
  (259,0) (259,1) (-1,-1) 
  (260,0) (260,1) (-1,-1) 
  (261,0) (261,1) (-1,-1) 
  (262,0) (262,1) (-1,-1) 
  (263,0) (263,1) (-1,-1) 
  (264,0) (264,1) (-1,-1) 
  (265,0) (265,1) (-1,-1) 
  (266,0) (266,1) (-1,-1) 
  (267,0) (267,1) (-1,-1) 
  (268,0) (268,1) (-1,-1) 
  (269,0) (269,1) (-1,-1) 
  (270,0) (270,1) (-1,-1) 
  (271,0) (271,1) (-1,-1) 
  (272,0) (272,1) (-1,-1) 
  (273,0) (273,1) (-1,-1) 
  (274,0) (274,1) (-1,-1) 
  (275,0) (275,1) (-1,-1) 
  (276,0) (276,1) (-1,-1) 
  (277,0) (277,1) (-1,-1) 
  (278,0) (278,1) (-1,-1) 
  (279,0) (279,1) (-1,-1) 
  (280,0) (280,1) (-1,-1) 
  (281,0) (281,1) (-1,-1) 
  (282,0) (282,1) (-1,-1) 
  (283,0) (283,1) (-1,-1) 
  (284,0) (284,1) (-1,-1) 
  (285,0) (285,1) (-1,-1) 
  (286,0) (286,1) (-1,-1) 
  (287,0) (287,1) (-1,-1) 
  (288,0) (288,1) (-1,-1) 
  (289,0) (289,1) (-1,-1) 
  (290,0) (290,1) (-1,-1) 
  (291,0) (291,1) (-1,-1) 
  (292,0) (292,1) (-1,-1) 
  (293,0) (293,1) (-1,-1) 
  (294,0) (294,1) (-1,-1) 
  (295,0) (295,1) (-1,-1) 
  (296,0) (296,1) (-1,-1) 
  (297,0) (297,1) (-1,-1) 
  (298,0) (298,1) (-1,-1) 
  (299,0) (299,1) (-1,-1) 
  (300,0) (300,1) (-1,-1) 
  (301,0) (301,1) (-1,-1) 
  (302,0) (302,1) (-1,-1) 
  (303,0) (303,1) (-1,-1) 
  (304,0) (304,1) (-1,-1) 
  (305,0) (305,1) (-1,-1) 
  (306,0) (306,1) (-1,-1) 
  (307,0) (307,1) (-1,-1) 
  (308,0) (308,1) (-1,-1) 
  (309,0) (309,1) (-1,-1) 
  (310,0) (310,1) (-1,-1) 
  (311,0) (311,1) (-1,-1) 
  (312,0) (312,1) (-1,-1) 
  (313,0) (313,1) (-1,-1) 
  (314,0) (314,1) (-1,-1) 
  (315,0) (315,1) (-1,-1) 
  (316,0) (316,1) (-1,-1) 
  (317,0) (317,1) (-1,-1) 
  (318,0) (318,1) (-1,-1) 
  (319,0) (319,1) (-1,-1) 
  (320,0) (320,1) (-1,-1) 
  (321,0) (321,1) (-1,-1) 
  (322,0) (322,1) (-1,-1) 
  (323,0) (323,1) (-1,-1) 
  (324,0) (324,1) (-1,-1) 
  (325,0) (325,1) (-1,-1) 
  (326,0) (326,1) (-1,-1) 
  (327,0) (327,1) (-1,-1) 
  (328,0) (328,1) (-1,-1) 
  (329,0) (329,1) (-1,-1) 
  (330,0) (330,1) (-1,-1) 
  (331,0) (331,1) (-1,-1) 
  (332,0) (332,1) (-1,-1) 
  (333,0) (333,1) (-1,-1) 
  (334,0) (334,1) (-1,-1) 
  (335,0) (335,1) (-1,-1) 
  (336,0) (336,1) (-1,-1) 
  (337,0) (337,1) (-1,-1) 
  (338,0) (338,1) (-1,-1) 
  (339,0) (339,1) (-1,-1) 
  (340,0) (340,1) (-1,-1) 
  (341,0) (341,1) (-1,-1) 
  (342,0) (342,1) (-1,-1) 
  (343,0) (343,1) (-1,-1) 
  (344,0) (344,1) (-1,-1) 
  (345,0) (345,1) (-1,-1) 
  (346,0) (346,1) (-1,-1) 
  (347,0) (347,1) (-1,-1) 
  (348,0) (348,1) (-1,-1) 
  (349,0) (349,1) (-1,-1) 
  (350,0) (350,1) (-1,-1) 
  (351,0) (351,1) (-1,-1) 
  (352,0) (352,1) (-1,-1) 
  (353,0) (353,1) (-1,-1) 
  (354,0) (354,1) (-1,-1) 
  (355,0) (355,1) (-1,-1) 
  (356,0) (356,1) (-1,-1) 
  (357,0) (357,1) (-1,-1) 
  (358,0) (358,1) (-1,-1) 
  (359,0) (359,1) (-1,-1) 
  (360,0) (360,1) (-1,-1) 
  (361,0) (361,1) (-1,-1) 
  (362,0) (362,1) (-1,-1) 
  (363,0) (363,1) (-1,-1) 
  (364,0) (364,1) (-1,-1) 
  (365,0) (365,1) (-1,-1) 
  (366,0) (366,1) (-1,-1) 
  (367,0) (367,1) (-1,-1) 
  (368,0) (368,1) (-1,-1) 
  (369,0) (369,1) (-1,-1) 
  (370,0) (370,1) (-1,-1) 
  (371,0) (371,1) (-1,-1) 
  (372,0) (372,1) (-1,-1) 
  (373,0) (373,1) (-1,-1) 
  (374,0) (374,1) (-1,-1) 
  (375,0) (375,1) (-1,-1) 
  (376,0) (376,1) (-1,-1) 
  (377,0) (377,1) (-1,-1) 
  (378,0) (378,1) (-1,-1) 
  (379,0) (379,1) (-1,-1) 
  (380,0) (380,1) (-1,-1) 
  (381,0) (381,1) (-1,-1) 
  (382,0) (382,1) (-1,-1) 
  (383,0) (383,1) (-1,-1) 
  (384,0) (384,1) (-1,-1) 
  (385,0) (385,1) (-1,-1) 
  (386,0) (386,1) (-1,-1) 
  (387,0) (387,1) (-1,-1) 
  (388,0) (388,1) (-1,-1) 
  (389,0) (389,1) (-1,-1) 
  (390,0) (390,1) (-1,-1) 
  (391,0) (391,1) (-1,-1) 
  (392,0) (392,1) (-1,-1) 
  (393,0) (393,1) (-1,-1) 
  (394,0) (394,1) (-1,-1) 
  (395,0) (395,1) (-1,-1) 
  (396,0) (396,1) (-1,-1) 
  (397,0) (397,1) (-1,-1) 
  (398,0) (398,1) (-1,-1) 
  (399,0) (399,1) (-1,-1) 
  (0,0) (0,1) (-1,-1) ]

(0,399) x (0,2)
[ (399,0) (399,1) (-1,-1) 
  (0,0) (0,1) (-1,-1) 
  (1,0) (1,1) (-1,-1) 
  (2,0) (2,1) (-1,-1) 
  (3,0) (3,1) (-1,-1) 
  (4,0) (4,1) (-1,-1) 
  (5,0) (5,1) (-1,-1) 
  (6,0) (6,1) (-1,-1) 
  (7,0) (7,1) (-1,-1) 
  (8,0) (8,1) (-1,-1) 
  (9,0) (9,1) (-1,-1) 
  (10,0) (10,1) (-1,-1) 
  (11,0) (11,1) (-1,-1) 
  (12,0) (12,1) (-1,-1) 
  (13,0) (13,1) (-1,-1) 
  (14,0) (14,1) (-1,-1) 
  (15,0) (15,1) (-1,-1) 
  (16,0) (16,1) (-1,-1) 
  (17,0) (17,1) (-1,-1) 
  (18,0) (18,1) (-1,-1) 
  (19,0) (19,1) (-1,-1) 
  (20,0) (20,1) (-1,-1) 
  (21,0) (21,1) (-1,-1) 
  (22,0) (22,1) (-1,-1) 
  (23,0) (23,1) (-1,-1) 
  (24,0) (24,1) (-1,-1) 
  (25,0) (25,1) (-1,-1) 
  (26,0) (26,1) (-1,-1) 
  (27,0) (27,1) (-1,-1) 
  (28,0) (28,1) (-1,-1) 
  (29,0) (29,1) (-1,-1) 
  (30,0) (30,1) (-1,-1) 
  (31,0) (31,1) (-1,-1) 
  (32,0) (32,1) (-1,-1) 
  (33,0) (33,1) (-1,-1) 
  (34,0) (34,1) (-1,-1) 
  (35,0) (35,1) (-1,-1) 
  (36,0) (36,1) (-1,-1) 
  (37,0) (37,1) (-1,-1) 
  (38,0) (38,1) (-1,-1) 
  (39,0) (39,1) (-1,-1) 
  (40,0) (40,1) (-1,-1) 
  (41,0) (41,1) (-1,-1) 
  (42,0) (42,1) (-1,-1) 
  (43,0) (43,1) (-1,-1) 
  (44,0) (44,1) (-1,-1) 
  (45,0) (45,1) (-1,-1) 
  (46,0) (46,1) (-1,-1) 
  (47,0) (47,1) (-1,-1) 
  (48,0) (48,1) (-1,-1) 
  (49,0) (49,1) (-1,-1) 
  (50,0) (50,1) (-1,-1) 
  (51,0) (51,1) (-1,-1) 
  (52,0) (52,1) (-1,-1) 
  (53,0) (53,1) (-1,-1) 
  (54,0) (54,1) (-1,-1) 
  (55,0) (55,1) (-1,-1) 
  (56,0) (56,1) (-1,-1) 
  (57,0) (57,1) (-1,-1) 
  (58,0) (58,1) (-1,-1) 
  (59,0) (59,1) (-1,-1) 
  (60,0) (60,1) (-1,-1) 
  (61,0) (61,1) (-1,-1) 
  (62,0) (62,1) (-1,-1) 
  (63,0) (63,1) (-1,-1) 
  (64,0) (64,1) (-1,-1) 
  (65,0) (65,1) (-1,-1) 
  (66,0) (66,1) (-1,-1) 
  (67,0) (67,1) (-1,-1) 
  (68,0) (68,1) (-1,-1) 
  (69,0) (69,1) (-1,-1) 
  (70,0) (70,1) (-1,-1) 
  (71,0) (71,1) (-1,-1) 
  (72,0) (72,1) (-1,-1) 
  (73,0) (73,1) (-1,-1) 
  (74,0) (74,1) (-1,-1) 
  (75,0) (75,1) (-1,-1) 
  (76,0) (76,1) (-1,-1) 
  (77,0) (77,1) (-1,-1) 
  (78,0) (78,1) (-1,-1) 
  (79,0) (79,1) (-1,-1) 
  (80,0) (80,1) (-1,-1) 
  (81,0) (81,1) (-1,-1) 
  (82,0) (82,1) (-1,-1) 
  (83,1) (83,0) (-1,-1) 
  (84,0) (84,1) (-1,-1) 
  (85,0) (85,1) (-1,-1) 
  (86,0) (86,1) (-1,-1) 
  (87,0) (87,1) (-1,-1) 
  (88,0) (88,1) (-1,-1) 
  (89,0) (89,1) (-1,-1) 
  (90,0) (90,1) (-1,-1) 
  (91,0) (91,1) (-1,-1) 
  (92,0) (92,1) (-1,-1) 
  (93,0) (93,1) (-1,-1) 
  (94,0) (94,1) (-1,-1) 
  (95,0) (95,1) (-1,-1) 
  (96,0) (96,1) (-1,-1) 
  (97,0) (97,1) (-1,-1) 
  (98,0) (98,1) (-1,-1) 
  (99,0) (99,1) (-1,-1) 
  (100,0) (100,1) (-1,-1) 
  (101,0) (101,1) (-1,-1) 
  (102,0) (102,1) (-1,-1) 
  (103,0) (103,1) (-1,-1) 
  (104,0) (104,1) (-1,-1) 
  (105,0) (105,1) (-1,-1) 
  (106,0) (106,1) (-1,-1) 
  (107,0) (107,1) (-1,-1) 
  (108,0) (108,1) (-1,-1) 
  (109,0) (109,1) (-1,-1) 
  (110,0) (110,1) (-1,-1) 
  (111,0) (111,1) (-1,-1) 
  (112,0) (112,1) (-1,-1) 
  (113,0) (113,1) (-1,-1) 
  (114,0) (114,1) (-1,-1) 
  (115,0) (115,1) (-1,-1) 
  (116,0) (116,1) (-1,-1) 
  (117,0) (117,1) (-1,-1) 
  (118,0) (118,1) (-1,-1) 
  (119,0) (119,1) (-1,-1) 
  (120,0) (120,1) (-1,-1) 
  (121,0) (121,1) (-1,-1) 
  (122,0) (122,1) (-1,-1) 
  (123,0) (123,1) (-1,-1) 
  (124,0) (124,1) (-1,-1) 
  (125,0) (125,1) (-1,-1) 
  (126,0) (126,1) (-1,-1) 
  (127,0) (127,1) (-1,-1) 
  (128,0) (128,1) (-1,-1) 
  (129,0) (129,1) (-1,-1) 
  (130,0) (130,1) (-1,-1) 
  (131,0) (131,1) (-1,-1) 
  (132,0) (132,1) (-1,-1) 
  (133,0) (133,1) (-1,-1) 
  (134,0) (134,1) (-1,-1) 
  (135,0) (135,1) (-1,-1) 
  (136,0) (136,1) (-1,-1) 
  (137,0) (137,1) (-1,-1) 
  (138,0) (138,1) (-1,-1) 
  (139,0) (139,1) (-1,-1) 
  (140,0) (140,1) (-1,-1) 
  (141,0) (141,1) (-1,-1) 
  (142,0) (142,1) (-1,-1) 
  (143,0) (143,1) (-1,-1) 
  (144,0) (144,1) (-1,-1) 
  (145,0) (145,1) (-1,-1) 
  (146,0) (146,1) (-1,-1) 
  (147,0) (147,1) (-1,-1) 
  (148,0) (148,1) (-1,-1) 
  (149,0) (149,1) (-1,-1) 
  (150,0) (150,1) (-1,-1) 
  (151,0) (151,1) (-1,-1) 
  (152,0) (152,1) (-1,-1) 
  (153,0) (153,1) (-1,-1) 
  (154,0) (154,1) (-1,-1) 
  (155,0) (155,1) (-1,-1) 
  (156,0) (156,1) (-1,-1) 
  (157,0) (157,1) (-1,-1) 
  (158,0) (158,1) (-1,-1) 
  (159,0) (159,1) (-1,-1) 
  (160,0) (160,1) (-1,-1) 
  (161,0) (161,1) (-1,-1) 
  (162,0) (162,1) (-1,-1) 
  (163,0) (163,1) (-1,-1) 
  (164,0) (164,1) (-1,-1) 
  (165,0) (165,1) (-1,-1) 
  (166,0) (166,1) (-1,-1) 
  (167,0) (167,1) (-1,-1) 
  (168,0) (168,1) (-1,-1) 
  (169,0) (169,1) (-1,-1) 
  (170,0) (170,1) (-1,-1) 
  (171,0) (171,1) (-1,-1) 
  (172,0) (172,1) (-1,-1) 
  (173,0) (173,1) (-1,-1) 
  (174,0) (174,1) (-1,-1) 
  (175,0) (175,1) (-1,-1) 
  (176,0) (176,1) (-1,-1) 
  (177,0) (177,1) (-1,-1) 
  (178,0) (178,1) (-1,-1) 
  (179,0) (179,1) (-1,-1) 
  (180,0) (180,1) (-1,-1) 
  (181,0) (181,1) (-1,-1) 
  (182,0) (182,1) (-1,-1) 
  (183,0) (183,1) (-1,-1) 
  (184,0) (184,1) (-1,-1) 
  (185,0) (185,1) (-1,-1) 
  (186,0) (186,1) (-1,-1) 
  (187,0) (187,1) (-1,-1) 
  (188,0) (188,1) (-1,-1) 
  (189,0) (189,1) (-1,-1) 
  (190,0) (190,1) (-1,-1) 
  (191,0) (191,1) (-1,-1) 
  (192,0) (192,1) (-1,-1) 
  (193,0) (193,1) (-1,-1) 
  (194,0) (194,1) (-1,-1) 
  (195,0) (195,1) (-1,-1) 
  (196,0) (196,1) (-1,-1) 
  (197,0) (197,1) (-1,-1) 
  (198,0) (198,1) (-1,-1) 
  (199,0) (199,1) (-1,-1) 
  (200,0) (200,1) (-1,-1) 
  (201,0) (201,1) (-1,-1) 
  (202,0) (202,1) (-1,-1) 
  (203,0) (203,1) (-1,-1) 
  (204,0) (204,1) (-1,-1) 
  (205,0) (205,1) (-1,-1) 
  (206,0) (206,1) (-1,-1) 
  (207,0) (207,1) (-1,-1) 
  (208,0) (208,1) (-1,-1) 
  (209,0) (209,1) (-1,-1) 
  (210,0) (210,1) (-1,-1) 
  (211,0) (211,1) (-1,-1) 
  (212,0) (212,1) (-1,-1) 
  (213,0) (213,1) (-1,-1) 
  (214,0) (214,1) (-1,-1) 
  (215,0) (215,1) (-1,-1) 
  (216,0) (216,1) (-1,-1) 
  (217,0) (217,1) (-1,-1) 
  (218,0) (218,1) (-1,-1) 
  (219,0) (219,1) (-1,-1) 
  (220,0) (220,1) (-1,-1) 
  (221,0) (221,1) (-1,-1) 
  (222,0) (222,1) (-1,-1) 
  (223,0) (223,1) (-1,-1) 
  (224,0) (224,1) (-1,-1) 
  (225,0) (225,1) (-1,-1) 
  (226,0) (226,1) (-1,-1) 
  (227,0) (227,1) (-1,-1) 
  (228,0) (228,1) (-1,-1) 
  (229,0) (229,1) (-1,-1) 
  (230,0) (230,1) (-1,-1) 
  (231,0) (231,1) (-1,-1) 
  (232,0) (232,1) (-1,-1) 
  (233,0) (233,1) (-1,-1) 
  (234,0) (234,1) (-1,-1) 
  (235,0) (235,1) (-1,-1) 
  (236,1) (236,0) (-1,-1) 
  (237,0) (237,1) (-1,-1) 
  (238,0) (238,1) (-1,-1) 
  (239,0) (239,1) (-1,-1) 
  (240,0) (240,1) (-1,-1) 
  (241,0) (241,1) (-1,-1) 
  (242,0) (242,1) (-1,-1) 
  (243,0) (243,1) (-1,-1) 
  (244,0) (244,1) (-1,-1) 
  (245,0) (245,1) (-1,-1) 
  (246,0) (246,1) (-1,-1) 
  (247,0) (247,1) (-1,-1) 
  (248,0) (248,1) (-1,-1) 
  (249,0) (249,1) (-1,-1) 
  (250,0) (250,1) (-1,-1) 
  (251,0) (251,1) (-1,-1) 
  (252,0) (252,1) (-1,-1) 
  (253,0) (253,1) (-1,-1) 
  (254,0) (254,1) (-1,-1) 
  (255,0) (255,1) (-1,-1) 
  (256,0) (256,1) (-1,-1) 
  (257,0) (257,1) (-1,-1) 
  (258,0) (258,1) (-1,-1) 
  (259,0) (259,1) (-1,-1) 
  (260,0) (260,1) (-1,-1) 
  (261,0) (261,1) (-1,-1) 
  (262,0) (262,1) (-1,-1) 
  (263,0) (263,1) (-1,-1) 
  (264,0) (264,1) (-1,-1) 
  (265,0) (265,1) (-1,-1) 
  (266,0) (266,1) (-1,-1) 
  (267,0) (267,1) (-1,-1) 
  (268,0) (268,1) (-1,-1) 
  (269,0) (269,1) (-1,-1) 
  (270,0) (270,1) (-1,-1) 
  (271,0) (271,1) (-1,-1) 
  (272,0) (272,1) (-1,-1) 
  (273,0) (273,1) (-1,-1) 
  (274,0) (274,1) (-1,-1) 
  (275,0) (275,1) (-1,-1) 
  (276,0) (276,1) (-1,-1) 
  (277,0) (277,1) (-1,-1) 
  (278,0) (278,1) (-1,-1) 
  (279,0) (279,1) (-1,-1) 
  (280,0) (280,1) (-1,-1) 
  (281,0) (281,1) (-1,-1) 
  (282,0) (282,1) (-1,-1) 
  (283,0) (283,1) (-1,-1) 
  (284,0) (284,1) (-1,-1) 
  (285,0) (285,1) (-1,-1) 
  (286,0) (286,1) (-1,-1) 
  (287,0) (287,1) (-1,-1) 
  (288,0) (288,1) (-1,-1) 
  (289,0) (289,1) (-1,-1) 
  (290,0) (290,1) (-1,-1) 
  (291,0) (291,1) (-1,-1) 
  (292,0) (292,1) (-1,-1) 
  (293,0) (293,1) (-1,-1) 
  (294,0) (294,1) (-1,-1) 
  (295,0) (295,1) (-1,-1) 
  (296,0) (296,1) (-1,-1) 
  (297,0) (297,1) (-1,-1) 
  (298,0) (298,1) (-1,-1) 
  (299,0) (299,1) (-1,-1) 
  (300,0) (300,1) (-1,-1) 
  (301,0) (301,1) (-1,-1) 
  (302,0) (302,1) (-1,-1) 
  (303,0) (303,1) (-1,-1) 
  (304,0) (304,1) (-1,-1) 
  (305,0) (305,1) (-1,-1) 
  (306,0) (306,1) (-1,-1) 
  (307,0) (307,1) (-1,-1) 
  (308,0) (308,1) (-1,-1) 
  (309,0) (309,1) (-1,-1) 
  (310,0) (310,1) (-1,-1) 
  (311,0) (311,1) (-1,-1) 
  (312,0) (312,1) (-1,-1) 
  (313,0) (313,1) (-1,-1) 
  (314,0) (314,1) (-1,-1) 
  (315,0) (315,1) (-1,-1) 
  (316,0) (316,1) (-1,-1) 
  (317,0) (317,1) (-1,-1) 
  (318,0) (318,1) (-1,-1) 
  (319,0) (319,1) (-1,-1) 
  (320,0) (320,1) (-1,-1) 
  (321,0) (321,1) (-1,-1) 
  (322,0) (322,1) (-1,-1) 
  (323,0) (323,1) (-1,-1) 
  (324,0) (324,1) (-1,-1) 
  (325,0) (325,1) (-1,-1) 
  (326,0) (326,1) (-1,-1) 
  (327,0) (327,1) (-1,-1) 
  (328,0) (328,1) (-1,-1) 
  (329,0) (329,1) (-1,-1) 
  (330,0) (330,1) (-1,-1) 
  (331,0) (331,1) (-1,-1) 
  (332,0) (332,1) (-1,-1) 
  (333,0) (333,1) (-1,-1) 
  (334,0) (334,1) (-1,-1) 
  (335,0) (335,1) (-1,-1) 
  (336,0) (336,1) (-1,-1) 
  (337,0) (337,1) (-1,-1) 
  (338,0) (338,1) (-1,-1) 
  (339,0) (339,1) (-1,-1) 
  (340,0) (340,1) (-1,-1) 
  (341,0) (341,1) (-1,-1) 
  (342,0) (342,1) (-1,-1) 
  (343,0) (343,1) (-1,-1) 
  (344,0) (344,1) (-1,-1) 
  (345,0) (345,1) (-1,-1) 
  (346,0) (346,1) (-1,-1) 
  (347,0) (347,1) (-1,-1) 
  (348,0) (348,1) (-1,-1) 
  (349,0) (349,1) (-1,-1) 
  (350,0) (350,1) (-1,-1) 
  (351,0) (351,1) (-1,-1) 
  (352,0) (352,1) (-1,-1) 
  (353,0) (353,1) (-1,-1) 
  (354,0) (354,1) (-1,-1) 
  (355,0) (355,1) (-1,-1) 
  (356,0) (356,1) (-1,-1) 
  (357,0) (357,1) (-1,-1) 
  (358,0) (358,1) (-1,-1) 
  (359,0) (359,1) (-1,-1) 
  (360,0) (360,1) (-1,-1) 
  (361,0) (361,1) (-1,-1) 
  (362,0) (362,1) (-1,-1) 
  (363,0) (363,1) (-1,-1) 
  (364,0) (364,1) (-1,-1) 
  (365,0) (365,1) (-1,-1) 
  (366,0) (366,1) (-1,-1) 
  (367,0) (367,1) (-1,-1) 
  (368,0) (368,1) (-1,-1) 
  (369,0) (369,1) (-1,-1) 
  (370,0) (370,1) (-1,-1) 
  (371,0) (371,1) (-1,-1) 
  (372,0) (372,1) (-1,-1) 
  (373,0) (373,1) (-1,-1) 
  (374,0) (374,1) (-1,-1) 
  (375,0) (375,1) (-1,-1) 
  (376,0) (376,1) (-1,-1) 
  (377,0) (377,1) (-1,-1) 
  (378,0) (378,1) (-1,-1) 
  (379,0) (379,1) (-1,-1) 
  (380,0) (380,1) (-1,-1) 
  (381,0) (381,1) (-1,-1) 
  (382,0) (382,1) (-1,-1) 
  (383,0) (383,1) (-1,-1) 
  (384,0) (384,1) (-1,-1) 
  (385,0) (385,1) (-1,-1) 
  (386,0) (386,1) (-1,-1) 
  (387,0) (387,1) (-1,-1) 
  (388,0) (388,1) (-1,-1) 
  (389,0) (389,1) (-1,-1) 
  (390,0) (390,1) (-1,-1) 
  (391,0) (391,1) (-1,-1) 
  (392,0) (392,1) (-1,-1) 
  (393,0) (393,1) (-1,-1) 
  (394,0) (394,1) (-1,-1) 
  (395,0) (395,1) (-1,-1) 
  (396,0) (396,1) (-1,-1) 
  (397,0) (397,1) (-1,-1) 
  (398,0) (398,1) (-1,-1) ]

(0,399) x (0,2)
[ 1 1 0 
  1 1 0 
  1 1 0 
  1 1 0 
  1 1 0 
  1 1 0 
  1 1 0 
  1 1 0 
  1 1 0 
  1 1 0 
  1 1 0 
  1 1 0 
  1 1 0 
  1 1 0 
  1 1 0 
  1 1 0 
  1 1 0 
  1 1 0 
  1 1 0 
  1 1 0 
  1 1 0 
  1 1 0 
  1 1 0 
  1 1 0 
  1 1 0 
  1 1 0 
  1 1 0 
  1 1 0 
  1 1 0 
  1 1 0 
  1 1 0 
  1 1 0 
  1 1 0 
  1 1 0 
  1 1 0 
  1 1 0 
  1 1 0 
  1 1 0 
  1 1 0 
  1 1 0 
  1 1 0 
  1 1 0 
  1 1 0 
  1 1 0 
  1 1 0 
  1 1 0 
  1 1 0 
  1 1 0 
  1 1 0 
  1 1 0 
  1 1 0 
  1 1 0 
  1 1 0 
  1 1 0 
  1 1 0 
  1 1 0 
  1 1 0 
  1 1 0 
  1 1 0 
  1 1 0 
  1 1 0 
  1 1 0 
  1 1 0 
  1 1 0 
  1 1 0 
  1 1 0 
  1 1 0 
  1 1 0 
  1 1 0 
  1 1 0 
  1 1 0 
  1 1 0 
  1 1 0 
  1 1 0 
  1 1 0 
  1 1 0 
  1 1 0 
  1 1 0 
  1 1 0 
  1 1 0 
  1 1 0 
  1 1 0 
  1 1 0 
  1 1 0 
  1 1 0 
  1 1 0 
  1 1 0 
  1 1 0 
  1 1 0 
  1 1 0 
  1 1 0 
  1 1 0 
  1 1 0 
  1 1 0 
  1 1 0 
  1 1 0 
  1 1 0 
  1 1 0 
  1 1 0 
  1 1 0 
  1 1 0 
  1 1 0 
  1 1 0 
  1 1 0 
  1 1 0 
  1 1 0 
  1 1 0 
  1 1 0 
  1 1 0 
  1 1 0 
  1 1 0 
  1 1 0 
  1 1 0 
  1 1 0 
  1 1 0 
  1 1 0 
  1 1 0 
  1 1 0 
  1 1 0 
  1 1 0 
  1 1 0 
  1 1 0 
  1 1 0 
  1 1 0 
  1 1 0 
  1 1 0 
  1 1 0 
  1 1 0 
  1 1 0 
  1 1 0 
  1 1 0 
  1 1 0 
  1 1 0 
  1 1 0 
  1 1 0 
  1 1 0 
  1 1 0 
  1 1 0 
  1 1 0 
  1 1 0 
  1 1 0 
  1 1 0 
  1 1 0 
  1 1 0 
  1 1 0 
  1 1 0 
  1 1 0 
  1 1 0 
  1 1 0 
  1 1 0 
  1 1 0 
  1 1 0 
  1 1 0 
  1 1 0 
  1 1 0 
  1 1 0 
  1 1 0 
  1 1 0 
  1 1 0 
  1 1 0 
  1 1 0 
  1 1 0 
  1 1 0 
  1 1 0 
  1 1 0 
  1 1 0 
  1 1 0 
  1 1 0 
  1 1 0 
  1 1 0 
  1 1 0 
  1 1 0 
  1 1 0 
  1 1 0 
  1 1 0 
  1 1 0 
  1 1 0 
  1 1 0 
  1 1 0 
  1 1 0 
  1 1 0 
  1 1 0 
  1 1 0 
  1 1 0 
  1 1 0 
  1 1 0 
  1 1 0 
  1 1 0 
  1 1 0 
  1 1 0 
  1 1 0 
  1 1 0 
  1 1 0 
  1 1 0 
  1 1 0 
  1 1 0 
  1 1 0 
  1 1 0 
  1 1 0 
  1 1 0 
  1 1 0 
  1 1 0 
  1 1 0 
  1 1 0 
  1 1 0 
  1 1 0 
  1 1 0 
  1 1 0 
  1 1 0 
  1 1 0 
  1 1 0 
  1 1 0 
  1 1 0 
  1 1 0 
  1 1 0 
  1 1 0 
  1 1 0 
  1 1 0 
  1 1 0 
  1 1 0 
  1 1 0 
  1 1 0 
  1 1 0 
  1 1 0 
  1 1 0 
  1 1 0 
  1 1 0 
  1 1 0 
  1 1 0 
  1 1 0 
  1 1 0 
  1 1 0 
  1 1 0 
  1 1 0 
  1 1 0 
  1 1 0 
  1 1 0 
  1 1 0 
  1 1 0 
  1 1 0 
  1 1 0 
  1 1 0 
  1 1 0 
  1 1 0 
  1 1 0 
  1 1 0 
  1 1 0 
  1 1 0 
  1 1 0 
  1 1 0 
  1 1 0 
  1 1 0 
  1 1 0 
  1 1 0 
  1 1 0 
  1 1 0 
  1 1 0 
  1 1 0 
  1 1 0 
  1 1 0 
  1 1 0 
  1 1 0 
  1 1 0 
  1 1 0 
  1 1 0 
  1 1 0 
  1 1 0 
  1 1 0 
  1 1 0 
  1 1 0 
  1 1 0 
  1 1 0 
  1 1 0 
  1 1 0 
  1 1 0 
  1 1 0 
  1 1 0 
  1 1 0 
  1 1 0 
  1 1 0 
  1 1 0 
  1 1 0 
  1 1 0 
  1 1 0 
  1 1 0 
  1 1 0 
  1 1 0 
  1 1 0 
  1 1 0 
  1 1 0 
  1 1 0 
  1 1 0 
  1 1 0 
  1 1 0 
  1 1 0 
  1 1 0 
  1 1 0 
  1 1 0 
  1 1 0 
  1 1 0 
  1 1 0 
  1 1 0 
  1 1 0 
  1 1 0 
  1 1 0 
  1 1 0 
  1 1 0 
  1 1 0 
  1 1 0 
  1 1 0 
  1 1 0 
  1 1 0 
  1 1 0 
  1 1 0 
  1 1 0 
  1 1 0 
  1 1 0 
  1 1 0 
  1 1 0 
  1 1 0 
  1 1 0 
  1 1 0 
  1 1 0 
  1 1 0 
  1 1 0 
  1 1 0 
  1 1 0 
  1 1 0 
  1 1 0 
  1 1 0 
  1 1 0 
  1 1 0 
  1 1 0 
  1 1 0 
  1 1 0 
  1 1 0 
  1 1 0 
  1 1 0 
  1 1 0 
  1 1 0 
  1 1 0 
  1 1 0 
  1 1 0 
  1 1 0 
  1 1 0 
  1 1 0 
  1 1 0 
  1 1 0 
  1 1 0 
  1 1 0 
  1 1 0 
  1 1 0 
  1 1 0 
  1 1 0 
  1 1 0 
  1 1 0 
  1 1 0 
  1 1 0 
  1 1 0 
  1 1 0 
  1 1 0 
  1 1 0 
  1 1 0 
  1 1 0 
  1 1 0 
  1 1 0 
  1 1 0 
  1 1 0 
  1 1 0 
  1 1 0 
  1 1 0 
  1 1 0 
  1 1 0 
  1 1 0 
  1 1 0 
  1 1 0 
  1 1 0 
  1 1 0 
  1 1 0 
  1 1 0 
  1 1 0 
  1 1 0 
  1 1 0 
  1 1 0 
  1 1 0 
  1 1 0 
  1 1 0 
  1 1 0 
  1 1 0 
  1 1 0 
  1 1 0 
  1 1 0 
  1 1 0 
  1 1 0 
  1 1 0 
  1 1 0 
  1 1 0 
  1 1 0 
  1 1 0 
  1 1 0 ]

1604670291 655468426 1530632093 1211810131 307247915 377250175 4160503819 1024385202 609353415 2024797353 3986097209 2360379075 3736322321 1228090089 1781293610 2056672007 2199611319 2050056910 4282535512 2318211454 888019130 1763769282 3543196508 2942798499 1381103281 3566011118 437877207 3978176895 4107209810 10909875 2341794220 2087413695 3396162590 4222177434 2646400153 455774883 2495669620 512715840 2676956324 263441435 2649486154 3230282886 3094907872 1745816338 3450434089 3086582841 465280354 3570239550 1568931132 1901447278 4115835359 3521284472 893879492 2213214089 459724582 3588490106 4018501960 1798280941 1818927417 3435497327 3346217189 2083659890 1211207115 3408523991 1081163224 4180204063 1874225828 1608736001 3652528381 547563192 4017246571 488425752 1206085173 4026660623 2338020373 1645003559 4217479770 4182172251 960877918 870671353 3774575018 4169902976 3876651994 2604848122 3304616119 2879720520 2348446173 913290302 4280351317 631342040 3159195818 2996056569 1741479231 1046400186 3412660702 533546818 4143171446 2058412050 4199740911 2119898986 1639072247 2273274723 2349007059 30581171 1046636140 2736058503 1375630993 4067243574 3261463066 1020490837 3740834213 843986545 3286635896 1702580020 3525030227 238116623 2923835881 2893147007 4194463332 4233590025 2622939869 2744117067 2293866735 789477687 2305277974 4038587437 3614176044 839758451 99332408 252906306 1304486077 370113991 491425322 2727668430 2180654426 3949565143 1247081863 4226084501 376253968 2903446620 3947038417 2464688078 266727684 2296770202 3744250383 54698506 1802042540 375469736 281037126 2233656379 3192188830 933812662 1208326215 1385400675 1372808877 3492284288 3615079078 225523979 1619072293 2086045737 2046992519 754029748 1503492669 2502149089 864145323 1441773523 485650145 138723445 2942670663 4272639217 2083948876 930434354 490002467 3476595344 2828159489 705220211 1502522910 1756198300 2622241950 40784676 3701585197 769164437 4014563688 3506177543 473667787 475628698 1287495495 2375746754 342015915 2556739246 3897797870 10382790 2128810928 3783129845 161028616 179568716 3689924108 2922219199 3736130087 719301216 2182927876 221732079 1564841572 4207313957 661431817 2134257720 3637471701 3357368258 628481363 1647922900 1837110970 3080032776 920191811 2208255582 509893957 2705872356 3857583597 1745124746 2921981530 2017492953 2161995789 3770798969 1814964994 2655417250 2997258462 116230725 202290757 177472481 2709511284 706706920 1143868941 3491090549 1542495743 2639205615 3737948205 589159783 1697218764 2560382897 1842333813 3418508299 2679131067 2240605100 2103764920 4087080147 2202533668 3759673369 2149183060 1846497638 4242449650 1507818679 3858598245 951793361 2734910895 2536510005 1687698315 699605976 4006005339 1720459164 3330937661 4181434978 2018672907 3122397544 665253328 2129051212 3618164430 1904672635 4101069608 1753425029 530100500 3368678261 282542052 497024527 745042609 2361985658 2633149090 3296699872 1053323827 161107698 364500955 184052932 3881539214 1600183125 2317415574 1956504253 725771705 2188180349 924410057 2649604857 3785343634 2126423770 930111932 1514736375 715468105 2399623801 2770582187 3166092649 2512506624 2084442593 3488546970 2436500514 252437580 1644738605 3315518819 1484684462 1443375756 1792465140 2919582099 492604855 1713407696 592890350 281606391 1908320785 2646142689 1962279249 2948979902 3406441132 1317246041 4127255747 486997833 3027152389 1691501912 352534465 2041235755 1432540386 2857635404 3045857516 3741678822 3482089728 2085073231 2725034999 987924679 3211187789 1186782669 885688138 1996340458 3029912325 2702944583 3756657725 2585238796 3258442270 2898364044 878234242 3108833520 4036565239 3074303475 516187524 1633229461 1661230576 4211184379 81949849 1835276475 3396657176 3740726559 2118948903 3786430598 4041841606 3406400896 3071284829 1783657687 2817267052 1231196924 3854781832 677588865 474815078 154163107 531049867 1072883515 3399692262 3289258923 2784686776 2207307923 3414859240 1408159610 1552917147 1485195814 1982543873 874302773 350745947 2161784845 2719784672 4057468780 3851812720 4037235677 2316431346 3707216761 3624474532 774964998 83635813 2536848015 3694060267 432176949 1904903841 100731944 946885478 2356425895 2929760436 954261734 3715003495 4280800792 1223102769 2177004294 3401423121 550420316 3067471382 3200408294 39612405 130152059 2951107251 2324797482 1062621927 3723714501 4145900795 4285371117 408986290 1055204409 251660220 3940319002 3178301473 281821976 3620130767 336646586 641326687 2155460181 171297312 1421158874 973081150 1794820764 4222619161 1267126924 1054417259 2381825007 3889666138 3221680957 1449174999 3627407249 1147051065 2810080877 2740018210 1532549639 3220904372 958798618 1628775989 400189261 2840668572 788438812 1503966976 225143530 1235213141 2723253995 3085907184 2871430736 2470256610 3102979146 1289967334 3601677966 3139864340 2214475162 3189412857 3525040765 2496214430 11241567 401120645 2681984443 3036200941 2969025529 1864175253 3350031667 979821748 4265254741 2471395008 2128107067 3976284464 3023509902 2800877143 2246299944 203633170 898670716 3252337412 3412395029 1440024270 3082989720 1667826101 3939584938 1382560773 99239385 218399725 2981285391 4181627834 3869032501 905074107 2271241929 3316919532 776898243 1363552439 595583031 2121973474 3713519451 2761939325 38768504 452469170 3865559215 693338578 2974069270 3335101658 2154755783 3537055321 2709854928 634150319 626765746 4066336035 1534413980 1696692533 28281856 2291483171 3238651844 3972155168 112032596 1933583697 2167933593 2862655080 1542462763 2562945351 3738336912 3593310055 2732238798 1601217300 3662694187 3240796840 3077254314 3112034451 3598668090 2803250895 3312123308 4279065020 80730161 3882285024 3639220857 629118193 2975217916 4083577705 1434552335 1025382146 3432452067 3996779068 3138942062 3467301732 1547188081 2217698405 1469700740 540714347 1313161419 799610879 3521189504 3712805673 3612806953 2594449791 624873515 3763602524 1457329685 101847435 4013036803 2010628114 3490735991 2387286653 3870324943 4227276606 206134384 3151276548 4240394416 1661034206 346461544 2680176274 49318032 2446679972 3440616018 3868704681 3788821753 3819541390 215634460 2776830045 2161455491 3035382175 896836569 1647308850 4090929859 3171121410 3981948543 2985564826 965349641 3114245321 562735297 1389388532 3781229322 1529634320 1828288646 2819887636 1609066279 246508845 541393105 183213818 191404851 4183602187 104319643 3251073054 2054335996 1473635999 4050233596 63245134 3625569075 1155805283 1381648827 2432706988 1406716253 2512360395 3319851944 3379926862 233819106 3775539948 2480307176 676920595 457506 3998359773 4253356837 2386229648 270 
