3
       225188859	       757159262
         5959823	         5999128
       154868333	       154976651
          238606	       251126206
          238288	          238290
         2452452	       252130341
         2452770	         2452770
        12969635	        13848457
        12969649	        13121898
        12971411	        13124025
        12969501	        13848933
         3552878	        18145581
         3545513	        18146982
         5000000	         8060855
         5000000	         8060855
(0,331) x (0,2)
[ (0.7569873306207523) (-0.1736696417188324) (3.467150998468564) 
  (0.707125488479838) (-0.1291902990073611) (3.483373603737581) 
  (0.6333877626575127) (-0.1561087212997694) (-3.715606248006225) 
  (0.6633175616179139) (-0.07263777862718712) (-3.69663478635219) 
  (0.6699823556804593) (-0.1122193405076401) (-5.63906904309988) 
  (0.6626472473754331) (-0.09822018344670622) (-5.583632440003905) 
  (0.6820367652337149) (-0.04882173038889333) (-5.590904328483624) 
  (0.6266307189315653) (-0.05334941582173811) (-5.501444272534135) 
  (0.634063739235032) (-0.009497672563599312) (-8.343882863409817) 
  (0.5613111086385013) (0.04661527568141544) (-5.437629562866999) 
  (0.6318178509374996) (0.03841274988017403) (-5.448809957067917) 
  (0.7139273824820557) (0.09276680345474439) (-5.454953361530853) 
  (0.6563083747657227) (0.08420755668115357) (-3.490479168090963) 
  (0.6221317723178217) (-0.03821449967120229) (-3.460266993120757) 
  (0.68710231921917) (-0.1340004096296258) (-3.500103906923331) 
  (0.7048144822049466) (-0.1912151855591522) (9.456701317029223) 
  (0.7399024476956479) (-0.1505727475560365) (-4.284248487092555) 
  (0.7778186209394156) (-0.1102096434837168) (-4.322641611012719) 
  (0.7693678303591396) (-0.1054936474113659) (-3.998031951487064) 
  (0.7859205504364524) (-0.09205329336501396) (-3.963986839817717) 
  (0.8030353700425168) (-0.02575250542924706) (-3.966484554643619) 
  (0.774513844519249) (-0.01615639431557678) (4.490835498781392) 
  (0.7354766020789751) (-0.00114649926932766) (-8.696575528010726) 
  (0.6957322846660252) (0.08362538427536392) (-8.670375573119317) 
  (0.6913744657837712) (0.1192891321298602) (-8.644981411223251) 
  (0.674579148588171) (0.08745215500615337) (-8.571029085952052) 
  (0.6262953189838241) (0.06838939042478487) (7.983698174357414) 
  (0.651887820769097) (0.01173531061169947) (7.939590495887714) 
  (0.6623773722506729) (0.09177770916105647) (7.982430420991421) 
  (0.6070205330976145) (0.04076801657583347) (7.982618988322258) 
  (0.6907177819618725) (0.03962845098568767) (8.011741623001251) 
  (0.6876490721410603) (0.1195579537060833) (7.964080366001653) 
  (0.7315353826697386) (0.06971181143889621) (0.7161372248083353) 
  (0.7362807298831419) (0.04376912879558968) (0.7421720637289696) 
  (0.7344393742654443) (0.06879738695811048) (0.7272606971106195) 
  (0.6639342616120473) (0.09984416971560556) (0.7626052033615475) 
  (0.6140932534417224) (0.09523341115818235) (0.710094959681554) 
  (0.5914991252246788) (0.08809659582882831) (0.7714313464802426) 
  (0.6205917385413142) (0.09098942141242865) (-8.343360209837556) 
  (0.7016491317128395) (0.0630987698580194) (-8.378487862059025) 
  (0.689808540011279) (-0.004677589657628753) (-8.796492237597704) 
  (0.6934026645315968) (0.03657058852275504) (-8.847504670506313) 
  (0.6505054492369747) (-0.009683421613966989) (7.493415055796504) 
  (0.720684742103442) (-0.08217175872941845) (-6.425463759301931) 
  (0.6636836075026327) (-0.06982908002992209) (-6.364017708946298) 
  (0.710634847801892) (-0.04880412258434481) (-6.363244237640734) 
  (0.6656422986421847) (-0.066999373900721) (-6.363247112263053) 
  (0.6373887858142545) (-0.04021525540600226) (-6.371583563046959) 
  (0.6116329506688397) (-0.044307900460009) (-6.307066449157174) 
  (0.5999029413297149) (-0.007177541498564491) (-6.270120713653963) 
  (0.6018017624744082) (-0.01480030520640621) (4.938852721825242) 
  (0.580784151867931) (-0.02318956412480419) (4.966689423013507) 
  (0.5861491692274422) (-0.03382299683075027) (7.773162145167589) 
  (0.6085827406126071) (-0.08691662150649675) (7.791967422915507) 
  (0.6631037435389701) (-0.1409473869694929) (-5.065650436535742) 
  (0.7785661252720207) (-0.2382528072972537) (-5.045935432401723) 
  (0.807998319961662) (-0.2803743482904474) (5.665129665285349) 
  (0.698508586333882) (-0.2135338560862021) (-5.004633203804305) 
  (0.7044279874347061) (-0.2217479445761009) (-9.612184870056808) 
  (-0.2189669664430083) (0.6794231844195764) (-9.615331404629492) 
  (-0.1382070540897368) (0.6468736325995039) (-4.936584015376866) 
  (-0.1087347769525688) (0.6754209358970594) (-4.979701758550191) 
  (-0.07042306867052928) (0.6178271492161869) (-9.314094712026417) 
  (-0.1245260795325462) (0.6133395664712459) (-9.263333814311238) 
  (-0.1880087626958868) (0.5981862840574996) (-9.248119808255318) 
  (-0.08269150880016868) (0.571663054848339) (8.789080181760854) 
  (-0.05048473467017911) (0.5753806612623252) (-4.924549061650555) 
  (0.04324669118524932) (0.5948490940169919) (-5.589263222267817) 
  (0.09180671660707407) (0.6540834064400357) (-4.619939304290681) 
  (0.1244585665777794) (0.6231788446824347) (-6.503811282406998) 
  (0.1801319602885668) (0.5496244371907633) (-1.018214104697108) 
  (0.4834442420395925) (0.179134007781155) (-1.057360590865311) 
  (0.5567843056947888) (0.1083186207417576) (-3.74873083550483) 
  (0.6073675575261356) (0.09643905691370162) (-3.750138850958646) 
  (0.6163797359745785) (0.1485219881052059) (-1.021841392798273) 
  (0.7132847059724094) (0.2060357645744263) (-1.064016144585786) 
  (0.7165938468448788) (0.1876157689646863) (-1.039653062592015) 
  (0.6658933812681251) (0.2789358806117146) (-7.168433906700125) 
  (0.6053017280062615) (0.2316529625553216) (-0.6633198400959373) 
  (0.6159396656139997) (0.2031970043610632) (-0.6949874258807722) 
  (0.6550249687880204) (0.1931773530389742) (-0.7024183714260298) 
  (0.529979765211254) (0.2292978249483986) (-0.7037524255592043) 
  (0.5201849628748531) (0.156735375075892) (-0.6901999719078734) 
  (0.513930705099636) (0.132785495590412) (-0.7149655320577153) 
  (0.1538836686915409) (0.6133617553136756) (6.224827086552978) 
  (0.598998270932972) (0.1787464408011753) (6.27322960881976) 
  (0.5259935013158921) (0.1840176803770849) (-0.8726062206551433) 
  (0.5317948856336799) (0.1407057350308376) (-0.8889312068049893) 
  (0.510376014667019) (0.1534153057242962) (8.858046270906925) 
  (0.5764682035049871) (0.1870999352058106) (-0.8966023569475896) 
  (0.6025731154197048) (0.2736254634356447) (9.845994655042887) 
  (0.5867639116351597) (0.2567988916276422) (9.88638195910082) 
  (0.5543350777317178) (0.1919335292362969) (-9.11874467972666) 
  (0.4993555702690248) (0.1924005668263835) (-9.145738176903043) 
  (0.1727262814555919) (0.492210230507969) (2.201398046538306) 
  (0.1982186467147835) (0.5523302980455601) (2.261302022363378) 
  (0.1866588097747916) (0.5775984486200684) (-7.284710346721113) 
  (0.1419999784373619) (0.5205957530978287) (-7.359202993388602) 
  (0.1214662851869375) (0.5974890663402805) (-7.405544374859409) 
  (0.154129696807015) (0.5628601473986981) (-7.403979869076116) 
  (0.0963024002742971) (0.5425511380929976) (-8.756634737364948) 
  (0.05465984464199201) (0.5668802035742214) (-8.759638798895377) 
  (0.1034730845411576) (0.5014499433353684) (-8.801586745457815) 
  (0.1187114150769631) (0.4889946480685027) (-8.792787352247053) 
  (0.1592434261834521) (0.5214830989561875) (2.582509000323705) 
  (0.2199271337087702) (0.5630287551020393) (2.693569121913729) 
  (0.557927196489949) (0.2663864280768384) (5.204168017953634) 
  (0.64078849092528) (0.259178086054542) (5.167885417499702) 
  (0.6574299210554219) (0.2997608585038511) (-4.04972025193274) 
  (0.692244275334254) (0.2721824066297044) (5.11150418540772) 
  (0.7792684918963111) (0.2538659864264428) (3.250956824049354) 
  (0.261509294604719) (0.7539429119426337) (-3.699140524263722) 
  (0.3142324637896418) (0.7649970390526898) (7.670403164811432) 
  (0.3086081805820559) (0.7600441213745814) (7.640503296805226) 
  (0.3012005280455697) (0.7358092172533781) (4.434394217096269) 
  (0.3477800045751884) (0.8070716081728548) (4.449713491553189) 
  (0.350061316798093) (0.908414423734786) (4.436378940687388) 
  (0.4413787954573311) (0.8985288504439032) (-9.535128898104947) 
  (0.5580142366397715) (0.9168038022584515) (-4.543774169869721) 
  (0.5018259847104162) (0.8755398907770269) (-4.499324682859747) 
  (0.4853678437070619) (0.8712555112344408) (-4.474023689869673) 
  (0.4911097345527217) (0.8193256643200439) (7.964060578904136) 
  (0.5512588619520072) (0.8662249095340742) (-0.7319438736885786) 
  (0.5480644664761484) (0.8851674120053552) (-0.8144119932805016) 
  (0.5464508806923839) (0.9397839745986031) (4.115030840039253) 
  (0.5971920918374378) (0.9411449110053099) (4.053496608375364) 
  (0.5975187005404256) (0.9313197388425477) (7.260597653363862) 
  (0.9588472311549401) (0.5713188874884462) (7.254130958731221) 
  (0.9505720034385909) (0.5399877633341356) (-0.4513448104262352) 
  (0.9295990475979738) (0.5309786436952987) (-0.3720068223280871) 
  (0.9269971729635157) (0.5402036076637239) (-4.653970920480788) 
  (1.002345572446358) (0.5894651450972075) (-4.681985996482923) 
  (0.6189716763997585) (1.027149501145394) (-4.590782802305902) 
  (0.6080122951472903) (1.065790817699406) (-4.5296761232318) 
  (0.6063222825400562) (1.08679119536861) (-4.41860541581722) 
  (0.5750622438418407) (1.104442966231111) (-4.484918663304673) 
  (0.5817912837630836) (1.078031933527391) (-4.399254700722395) 
  (0.5782994997040415) (1.137527364096965) (-4.39761651310987) 
  (0.6260105493918853) (1.194693312995825) (-4.430129522144907) 
  (0.6798026215138162) (1.214325338166569) (-4.476301782807066) 
  (0.6901276185714749) (1.120801227786345) (0.1802940899506211) 
  (0.7582019695360553) (1.06524872561584) (0.2250678509263268) 
  (0.7602838261411184) (1.019017766038848) (-1.226518540643156) 
  (0.9422508858798004) (0.7682545114814889) (-1.228386393057887) 
  (0.8767781475018347) (0.7748307211142687) (-0.3977241739630699) 
  (0.801780297653052) (0.7513982136907562) (-7.58522649806109) 
  (0.8222809578130742) (0.7189618379507338) (-3.50020298268646) 
  (0.8053163888257201) (0.7262160128518663) (-3.533261248166925) 
  (0.8643555342220952) (0.7073234370011935) (-3.535846135262708) 
  (0.8570573922689423) (0.7272600415243073) (2.16404057562142) 
  (0.7737381343139934) (0.719762987420647) (-8.953786073252559) 
  (0.7529922231308158) (0.7434135081535905) (-8.965283732424137) 
  (0.8324463751541149) (0.7642085590555969) (8.369542458094656) 
  (0.86800110828254) (0.7640426645950839) (1.22925537752271) 
  (0.8977377362201535) (0.8458425605497855) (0.3764203563332558) 
  (0.9143905095075867) (0.8587791905887173) (0.4001273881588878) 
  (0.9234277545977843) (0.8492504166233737) (-2.078569675795734) 
  (0.9090834885561758) (0.8661029543565043) (-2.0296069728709) 
  (0.979181164998889) (0.9255402897132539) (-8.13280840869993) 
  (1.004552976905638) (0.8898530432852746) (-8.117340023958866) 
  (0.9610073127056399) (0.9924605006258506) (-2.045355375301647) 
  (1.020387219659755) (1.007123756039549) (-2.062680158368126) 
  (0.9575667084615699) (1.012917291451833) (7.919778688810766) 
  (0.9006351860032777) (0.9947871315983443) (7.911359924761404) 
  (0.8398108871808934) (0.9562272932780511) (7.882809744382855) 
  (0.9012103630905898) (0.9946902067771497) (-5.916141533634375) 
  (0.8972750840747374) (1.035760529040524) (8.921801168471575) 
  (0.8488370813231497) (1.103545855715239) (8.968758860777468) 
  (0.8037352527152106) (1.004763350539353) (8.959772972437081) 
  (0.8272237466847274) (1.052239564766331) (8.974174986086764) 
  (0.800891220280063) (1.012940686287774) (6.755533637478948) 
  (1.031682918275779) (0.7635560999774517) (6.72474811229019) 
  (1.009156193417944) (0.6788111702203579) (-6.413009155433191) 
  (1.062617871387218) (0.6919189758872403) (-6.382178981097951) 
  (1.008018171580288) (0.6533426043586524) (-6.476539379174318) 
  (0.9992445060322384) (0.6320260394633773) (-6.4032633747179) 
  (1.026926258739763) (0.6411504070225802) (-6.403894617873238) 
  (1.025960595799195) (0.6164221963053453) (0.2858789843598176) 
  (1.0626416343557) (0.5975559635334067) (9.150851215235889) 
  (1.031263796002929) (0.5838383652751928) (9.092658244503117) 
  (0.9772262842108552) (0.5538200640628778) (-5.056481107281511) 
  (0.6434290925507822) (0.9798938583420292) (-5.065690902640256) 
  (0.6544481058879097) (0.8764819745710559) (2.83605242613703) 
  (0.6326903740240981) (0.897033175920973) (2.81764132397554) 
  (0.6868393667096337) (0.9158592465815514) (8.928171042352915) 
  (0.7693832834659322) (0.9247665317572936) (-0.7557594631072851) 
  (0.7042128144220478) (0.9306074216081109) (-3.173697222955525) 
  (0.7334842923528145) (0.9687936945462801) (1.136506573466131) 
  (0.6827059259593303) (0.9469227000820016) (-3.177536888979375) 
  (0.6951064192472753) (0.8903408733259351) (-3.234639009001766) 
  (0.6880001709860503) (0.8202318577584402) (-3.196985690510033) 
  (0.6840644090172203) (0.7868308038738049) (-3.140604683255322) 
  (0.6918000766715039) (0.8358211407311374) (-3.144867679760922) 
  (0.628210988139268) (0.8057439671160642) (1.465089244593354) 
  (0.5628641904180732) (0.7321650865220104) (-4.971376159228384) 
  (0.6157160531610292) (0.7101672993820108) (3.137635723914185) 
  (0.6525155119316361) (0.7532206317868531) (-3.67881097830832) 
  (0.6209518201143321) (0.7352815374704047) (4.521808083156997) 
  (0.7409289262847834) (0.6763958475227104) (4.427558672614396) 
  (0.6366577593903014) (0.6702750754468424) (4.441376205596613) 
  (0.7162039208266404) (0.6460145076703496) (0.8389206556603312) 
  (0.6998745743060343) (0.6428097199790921) (4.587420976934732) 
  (0.7013449454572431) (0.5632631547045934) (-0.02434021793305874) 
  (0.6678608736420121) (0.6005287162192022) (0.008146694608755785) 
  (0.6717167623636456) (0.6765516956933751) (-0.5502270767465234) 
  (0.7461646602050652) (0.6853215842316754) (-0.5837586199886472) 
  (0.7520258900767433) (0.6625494922113977) (3.060137494467199) 
  (0.7124588158723644) (0.6061053304676213) (3.067975687588515) 
  (0.8219272044261735) (0.5606030951344465) (3.126259994514539) 
  (0.8343786325256159) (0.567699908531744) (1.953269994750681) 
  (0.7765037571960952) (0.5225782581240549) (9.670674069784582) 
  (0.7932705434757199) (0.5046360723935862) (9.7268625281813) 
  (0.7426909780358225) (0.4656774357934595) (-8.629539469256997) 
  (0.8489795046817795) (0.4304507320161151) (3.936041631357031) 
  (0.869053925725401) (0.5065855384480734) (2.596440310589969) 
  (0.8438279711686584) (0.457539117525524) (2.636013188229333) 
  (0.753145983748433) (0.5276780390334456) (-4.87513474188745) 
  (0.7763453930019028) (0.4994457623106141) (-4.849382455172673) 
  (0.7844181845852731) (0.5712881976786262) (-9.08085516653955) 
  (0.8367400330668807) (0.5902782733462841) (-4.833040152281362) 
  (0.8363676578375978) (0.5552365541597881) (1.250974708236754) 
  (0.8473562847021846) (0.5884388531623433) (1.257097037709077) 
  (0.848682330978219) (0.528232588501475) (1.197760661422098) 
  (0.8266368044733119) (0.5364889426958352) (1.12530386855065) 
  (0.8399001066435922) (0.5236144718008658) (-8.744803951121867) 
  (0.840695030352652) (0.5441218648462472) (-8.734276337854899) 
  (0.8475877688360035) (0.5462009134393668) (-8.753404792247762) 
  (0.8746981526556327) (0.5538377834325136) (-8.803315573572121) 
  (0.8623379963958617) (0.5193130988664753) (-1.642360407859087) 
  (0.8646204196720264) (0.4368709164424828) (-4.708053455321409) 
  (0.9265830500617447) (0.4361405633118453) (1.916722878813744) 
  (0.9252886459658034) (0.4201722845784186) (1.937998305870119) 
  (0.952780395465601) (0.2694315799529962) (-4.141147844493389) 
  (0.885760203300637) (0.2103665685477936) (-4.107129841474745) 
  (0.8859934753710991) (0.1980694703731145) (2.437123077435292) 
  (0.9126284975582327) (0.1990216093996034) (1.459134229319003) 
  (0.9961660998122596) (0.1141274703791221) (7.424878068268299) 
  (1.016682460427748) (0.1044852896217939) (7.423915406339182) 
  (1.013691229151097) (0.08488987955606048) (-5.118802930228412) 
  (1.059033980731446) (0.09281723123443392) (-5.195954091712666) 
  (1.02263964677322) (0.06939463252619363) (-5.235935959313027) 
  (1.105610057487053) (0.0190552919923833) (-5.136510005617082) 
  (1.11350374148292) (0.015336536560813) (-5.124884315173238) 
  (1.186976696592241) (0.04080020250824604) (-4.407173491729572) 
  (1.220123722335341) (0.09467874592817965) (4.190038284286857) 
  (1.236732361480274) (0.0460548223747467) (4.164651472920788) 
  (1.196852794447161) (0.0521596706485794) (1.914387256838381) 
  (1.183556504482788) (0.04497350607880166) (1.889057872485641) 
  (1.114472277047708) (0.03225544714291925) (1.970240113954226) 
  (1.10369447684294) (0.08160953095849591) (-0.8315052479835251) 
  (1.150253885827565) (0.03807314190464653) (6.922197351232171) 
  (1.076629372335946) (0.1025901357187677) (6.961688870937407) 
  (0.1109129250082397) (1.141103051033183) (2.851002872921526) 
  (0.04345875193654779) (1.087042796346811) (-8.734575184111016) 
  (0.1246502586708812) (1.085358195785268) (3.358775842934847) 
  (0.07142442848705181) (1.009575436589946) (3.335301460888914) 
  (0.03162042018224295) (1.0460349287494) (7.507552378810942) 
  (0.01796993344596662) (1.046891471740699) (7.481343429062939) 
  (0.05502707903202092) (0.944240548491087) (7.491723773650552) 
  (0.01918787919832577) (0.9451922085243147) (7.462856131659388) 
  (0.002890905353676247) (0.9232822954586619) (1.344245835207403) 
  (0.03987902576266844) (0.8270334059044377) (1.344398032355236) 
  (0.1038931238627816) (0.8073230980239756) (-8.83511146530509) 
  (0.1116354596081747) (0.8219553807197431) (-8.817714087107801) 
  (0.1753789305643484) (0.7565887439439185) (-8.880455920372874) 
  (0.1336476989339221) (0.7132468080291379) (7.386369474697485) 
  (0.1236418072942689) (0.7762621728769868) (7.16951372101903) 
  (0.1712349872238142) (0.7676253355485806) (7.189450854499847) 
  (0.09581539075168395) (0.7683533646233381) (7.662179851904511) 
  (0.1142154764788046) (0.8167873058598012) (7.566996998044287) 
  (0.04134229271935654) (0.7628964325573199) (6.09032510779798) 
  (0.01623891774281969) (0.7653032667850375) (6.016264752763753) 
  (-0.05751590543321173) (0.7221097711782329) (-4.157872879877687) 
  (-0.08887379684778567) (0.6955416994777655) (-4.149630535637026) 
  (-0.1044888104626468) (0.6774755857033607) (-9.223754908889532) 
  (-0.08054582559242475) (0.6509708239308122) (-9.292447661657773) 
  (-0.07761850558893575) (0.5877171206088215) (-9.292498826069183) 
  (-0.155493054657666) (0.5757459194596307) (-9.272916056549249) 
  (-0.137077000242854) (0.5544943147501452) (-9.241075396015827) 
  (-0.05201408670020412) (0.5315311532536587) (-9.17021389614829) 
  (-0.04747597650218974) (0.5890519697018319) (-9.279565498100862) 
  (-0.04677901327874193) (0.6591087991852028) (6.165741947813515) 
  (-0.02304834145929699) (0.6668873669586795) (-4.713254305534065) 
  (-0.02562613606375114) (0.6782574727811402) (7.702493630038216) 
  (-0.05814249542860708) (0.7239093653641837) (7.756142679638169) 
  (-0.06896713900517726) (0.7226169363268148) (7.738365258597987) 
  (-0.04869437928437275) (0.6792093742720048) (7.710811991735059) 
  (-0.09861956862567602) (0.6858812246832305) (7.730849220765144) 
  (0.6596621229536583) (-0.1878630058988996) (7.745165555526336) 
  (0.6509008317075534) (-0.2041639698190371) (7.656861055796891) 
  (0.6424397298783036) (-0.2313189652015517) (7.697851320325716) 
  (0.6428802024525788) (-0.2652189532753117) (7.779663215753819) 
  (0.6670483507800287) (-0.2617700905745346) (7.314148526638746) 
  (0.5878062574989792) (-0.2406215170083243) (7.302562791062445) 
  (0.5968092325771588) (-0.2477511914516739) (7.278721454157571) 
  (0.5745973157681467) (-0.2227106912514509) (-9.55419108225097) 
  (0.5428305552703534) (-0.2607501304381636) (2.672526277601719) 
  (0.5846375804546292) (-0.2184460054758098) (2.710967722053437) 
  (0.576029318628916) (-0.2089255097110687) (2.714157593421116) 
  (0.5025597137215539) (-0.1593726939010715) (0.6820734832531133) 
  (0.526614561572899) (-0.1691983721648839) (-5.863328650593758) 
  (0.546246519794829) (-0.1371510400927832) (-2.928557114406289) 
  (0.5473764044119169) (-0.1755265511438975) (6.142285722307861) 
  (0.5088594854061794) (-0.2156668358152358) (6.223474081002468) 
  (0.4898276891651124) (-0.2666951701770465) (4.786049304530025) 
  (0.498441295670951) (-0.2906208762738254) (4.751043990075303) 
  (0.5331533553002872) (-0.2538723286615595) (4.755180000530808) 
  (0.5795982016835555) (-0.2097360438663858) (-7.911889943023188) 
  (0.6008016059374067) (-0.2813072696769673) (5.076443292200565) 
  (0.5073004689519077) (-0.1895876272792579) (-4.225721052336407) 
  (0.4942171295609406) (-0.1944310862740108) (-9.914758917875588) 
  (0.3947927795466971) (-0.1631401198251564) (-9.787381080429933) 
  (0.4321616769481992) (-0.1232897623966957) (5.727486796677113) 
  (0.4280596961476056) (-0.09762451394275852) (5.774497473629728) 
  (0.5458063339794775) (-0.1275589179789705) (5.783080080611315) 
  (0.5459971668708729) (-0.08883287714324901) (5.763327879341094) 
  (0.5839044837088614) (-0.0808122122662944) (5.758831613287761) 
  (0.6974622021635769) (-0.06352585534185687) (5.744202332083734) 
  (0.7254017977103091) (-0.004538861984954394) (4.532739850692451) 
  (0.7160428402301554) (-0.08286067257660445) (4.475774851427211) 
  (0.7032629619069557) (-0.08959823287926021) (-4.329596338793635) 
  (0.7225275673107073) (-0.1056050336155972) (-4.301727845545071) 
  (0.6725156826811738) (-0.09585859065549433) (-0.7674226444214582) 
  (0.6268622658145413) (-0.1597901017155909) (-0.7828473700750488) 
  (0.6565727699129132) (-0.1439780996119888) (-7.544129462912679) 
  (0.6273908814913185) (-0.1267832286642593) (-7.508681110929042) 
  (0.6450842033542621) (-0.1855176935072536) (-7.443308318952829) 
  (0.5989276481448295) (-0.191796861174992) (-7.439723486883079) 
  (0.6421967476104201) (-0.128392267519234) (3.511826936155558) 
  (0.7078663023291308) (-0.1295411714211657) (3.596726747059646) 
  (0.7422850677433366) (-0.09613324785781453) (3.583259509432867) 
  (0.7868801148297978) (-0.09920965616348329) (3.494050951803136) ]

(0,331) x (0,2)
[ (1,0) (1,1) (-1,-1) 
  (2,0) (2,1) (-1,-1) 
  (3,0) (3,1) (-1,-1) 
  (4,0) (4,1) (-1,-1) 
  (5,0) (5,1) (-1,-1) 
  (6,0) (6,1) (-1,-1) 
  (7,0) (7,1) (-1,-1) 
  (8,0) (8,1) (-1,-1) 
  (9,0) (9,1) (-1,-1) 
  (10,0) (10,1) (-1,-1) 
  (11,0) (11,1) (-1,-1) 
  (12,0) (12,1) (-1,-1) 
  (13,0) (13,1) (-1,-1) 
  (14,0) (14,1) (-1,-1) 
  (15,0) (15,1) (-1,-1) 
  (16,0) (16,1) (-1,-1) 
  (17,0) (17,1) (-1,-1) 
  (18,0) (18,1) (-1,-1) 
  (19,0) (19,1) (-1,-1) 
  (20,0) (20,1) (-1,-1) 
  (21,0) (21,1) (-1,-1) 
  (22,0) (22,1) (-1,-1) 
  (23,0) (23,1) (-1,-1) 
  (24,0) (24,1) (-1,-1) 
  (25,0) (25,1) (-1,-1) 
  (26,0) (26,1) (-1,-1) 
  (27,0) (27,1) (-1,-1) 
  (28,0) (28,1) (-1,-1) 
  (29,0) (29,1) (-1,-1) 
  (30,0) (30,1) (-1,-1) 
  (31,0) (31,1) (-1,-1) 
  (32,0) (32,1) (-1,-1) 
  (33,0) (33,1) (-1,-1) 
  (34,0) (34,1) (-1,-1) 
  (35,0) (35,1) (-1,-1) 
  (36,0) (36,1) (-1,-1) 
  (37,0) (37,1) (-1,-1) 
  (38,0) (38,1) (-1,-1) 
  (39,0) (39,1) (-1,-1) 
  (40,0) (40,1) (-1,-1) 
  (41,0) (41,1) (-1,-1) 
  (42,0) (42,1) (-1,-1) 
  (43,0) (43,1) (-1,-1) 
  (44,0) (44,1) (-1,-1) 
  (45,0) (45,1) (-1,-1) 
  (46,0) (46,1) (-1,-1) 
  (47,0) (47,1) (-1,-1) 
  (48,0) (48,1) (-1,-1) 
  (49,0) (49,1) (-1,-1) 
  (50,0) (50,1) (-1,-1) 
  (51,0) (51,1) (-1,-1) 
  (52,0) (52,1) (-1,-1) 
  (53,0) (53,1) (-1,-1) 
  (54,0) (54,1) (-1,-1) 
  (55,0) (55,1) (-1,-1) 
  (56,0) (56,1) (-1,-1) 
  (57,0) (57,1) (-1,-1) 
  (58,0) (58,1) (-1,-1) 
  (59,1) (59,0) (-1,-1) 
  (60,0) (60,1) (-1,-1) 
  (61,0) (61,1) (-1,-1) 
  (62,0) (62,1) (-1,-1) 
  (63,0) (63,1) (-1,-1) 
  (64,0) (64,1) (-1,-1) 
  (65,0) (65,1) (-1,-1) 
  (66,0) (66,1) (-1,-1) 
  (67,0) (67,1) (-1,-1) 
  (68,0) (68,1) (-1,-1) 
  (69,0) (69,1) (-1,-1) 
  (70,0) (70,1) (-1,-1) 
  (71,1) (71,0) (-1,-1) 
  (72,0) (72,1) (-1,-1) 
  (73,0) (73,1) (-1,-1) 
  (74,0) (74,1) (-1,-1) 
  (75,0) (75,1) (-1,-1) 
  (76,0) (76,1) (-1,-1) 
  (77,0) (77,1) (-1,-1) 
  (78,0) (78,1) (-1,-1) 
  (79,0) (79,1) (-1,-1) 
  (80,0) (80,1) (-1,-1) 
  (81,0) (81,1) (-1,-1) 
  (82,0) (82,1) (-1,-1) 
  (83,0) (83,1) (-1,-1) 
  (84,1) (84,0) (-1,-1) 
  (85,1) (85,0) (-1,-1) 
  (86,0) (86,1) (-1,-1) 
  (87,0) (87,1) (-1,-1) 
  (88,0) (88,1) (-1,-1) 
  (89,0) (89,1) (-1,-1) 
  (90,0) (90,1) (-1,-1) 
  (91,0) (91,1) (-1,-1) 
  (92,0) (92,1) (-1,-1) 
  (93,0) (93,1) (-1,-1) 
  (94,1) (94,0) (-1,-1) 
  (95,0) (95,1) (-1,-1) 
  (96,0) (96,1) (-1,-1) 
  (97,0) (97,1) (-1,-1) 
  (98,0) (98,1) (-1,-1) 
  (99,0) (99,1) (-1,-1) 
  (100,0) (100,1) (-1,-1) 
  (101,0) (101,1) (-1,-1) 
  (102,0) (102,1) (-1,-1) 
  (103,0) (103,1) (-1,-1) 
  (104,0) (104,1) (-1,-1) 
  (105,0) (105,1) (-1,-1) 
  (106,1) (106,0) (-1,-1) 
  (107,0) (107,1) (-1,-1) 
  (108,0) (108,1) (-1,-1) 
  (109,0) (109,1) (-1,-1) 
  (110,0) (110,1) (-1,-1) 
  (111,1) (111,0) (-1,-1) 
  (112,0) (112,1) (-1,-1) 
  (113,0) (113,1) (-1,-1) 
  (114,0) (114,1) (-1,-1) 
  (115,0) (115,1) (-1,-1) 
  (116,0) (116,1) (-1,-1) 
  (117,0) (117,1) (-1,-1) 
  (118,0) (118,1) (-1,-1) 
  (119,0) (119,1) (-1,-1) 
  (120,0) (120,1) (-1,-1) 
  (121,0) (121,1) (-1,-1) 
  (122,0) (122,1) (-1,-1) 
  (123,0) (123,1) (-1,-1) 
  (124,0) (124,1) (-1,-1) 
  (125,0) (125,1) (-1,-1) 
  (126,0) (126,1) (-1,-1) 
  (127,1) (127,0) (-1,-1) 
  (128,0) (128,1) (-1,-1) 
  (129,0) (129,1) (-1,-1) 
  (130,0) (130,1) (-1,-1) 
  (131,0) (131,1) (-1,-1) 
  (132,1) (132,0) (-1,-1) 
  (133,0) (133,1) (-1,-1) 
  (134,0) (134,1) (-1,-1) 
  (135,0) (135,1) (-1,-1) 
  (136,0) (136,1) (-1,-1) 
  (137,0) (137,1) (-1,-1) 
  (138,0) (138,1) (-1,-1) 
  (139,0) (139,1) (-1,-1) 
  (140,0) (140,1) (-1,-1) 
  (141,0) (141,1) (-1,-1) 
  (142,0) (142,1) (-1,-1) 
  (143,1) (143,0) (-1,-1) 
  (144,0) (144,1) (-1,-1) 
  (145,0) (145,1) (-1,-1) 
  (146,0) (146,1) (-1,-1) 
  (147,0) (147,1) (-1,-1) 
  (148,0) (148,1) (-1,-1) 
  (149,0) (149,1) (-1,-1) 
  (150,0) (150,1) (-1,-1) 
  (151,0) (151,1) (-1,-1) 
  (152,0) (152,1) (-1,-1) 
  (153,0) (153,1) (-1,-1) 
  (154,0) (154,1) (-1,-1) 
  (155,0) (155,1) (-1,-1) 
  (156,0) (156,1) (-1,-1) 
  (157,0) (157,1) (-1,-1) 
  (158,0) (158,1) (-1,-1) 
  (159,0) (159,1) (-1,-1) 
  (160,1) (160,0) (-1,-1) 
  (161,0) (161,1) (-1,-1) 
  (162,0) (162,1) (-1,-1) 
  (163,0) (163,1) (-1,-1) 
  (164,0) (164,1) (-1,-1) 
  (165,0) (165,1) (-1,-1) 
  (166,0) (166,1) (-1,-1) 
  (167,0) (167,1) (-1,-1) 
  (168,0) (168,1) (-1,-1) 
  (169,0) (169,1) (-1,-1) 
  (170,0) (170,1) (-1,-1) 
  (171,1) (171,0) (-1,-1) 
  (172,0) (172,1) (-1,-1) 
  (173,0) (173,1) (-1,-1) 
  (174,0) (174,1) (-1,-1) 
  (175,0) (175,1) (-1,-1) 
  (176,0) (176,1) (-1,-1) 
  (177,0) (177,1) (-1,-1) 
  (178,0) (178,1) (-1,-1) 
  (179,0) (179,1) (-1,-1) 
  (180,0) (180,1) (-1,-1) 
  (181,1) (181,0) (-1,-1) 
  (182,0) (182,1) (-1,-1) 
  (183,0) (183,1) (-1,-1) 
  (184,0) (184,1) (-1,-1) 
  (185,0) (185,1) (-1,-1) 
  (186,0) (186,1) (-1,-1) 
  (187,0) (187,1) (-1,-1) 
  (188,0) (188,1) (-1,-1) 
  (189,0) (189,1) (-1,-1) 
  (190,0) (190,1) (-1,-1) 
  (191,0) (191,1) (-1,-1) 
  (192,0) (192,1) (-1,-1) 
  (193,0) (193,1) (-1,-1) 
  (194,0) (194,1) (-1,-1) 
  (195,0) (195,1) (-1,-1) 
  (196,0) (196,1) (-1,-1) 
  (197,0) (197,1) (-1,-1) 
  (198,1) (198,0) (-1,-1) 
  (199,0) (199,1) (-1,-1) 
  (200,1) (200,0) (-1,-1) 
  (201,0) (201,1) (-1,-1) 
  (202,0) (202,1) (-1,-1) 
  (203,0) (203,1) (-1,-1) 
  (204,0) (204,1) (-1,-1) 
  (205,0) (205,1) (-1,-1) 
  (206,0) (206,1) (-1,-1) 
  (207,0) (207,1) (-1,-1) 
  (208,0) (208,1) (-1,-1) 
  (209,0) (209,1) (-1,-1) 
  (210,0) (210,1) (-1,-1) 
  (211,0) (211,1) (-1,-1) 
  (212,0) (212,1) (-1,-1) 
  (213,0) (213,1) (-1,-1) 
  (214,0) (214,1) (-1,-1) 
  (215,0) (215,1) (-1,-1) 
  (216,0) (216,1) (-1,-1) 
  (217,0) (217,1) (-1,-1) 
  (218,0) (218,1) (-1,-1) 
  (219,0) (219,1) (-1,-1) 
  (220,0) (220,1) (-1,-1) 
  (221,0) (221,1) (-1,-1) 
  (222,0) (222,1) (-1,-1) 
  (223,0) (223,1) (-1,-1) 
  (224,0) (224,1) (-1,-1) 
  (225,0) (225,1) (-1,-1) 
  (226,0) (226,1) (-1,-1) 
  (227,0) (227,1) (-1,-1) 
  (228,0) (228,1) (-1,-1) 
  (229,0) (229,1) (-1,-1) 
  (230,0) (230,1) (-1,-1) 
  (231,0) (231,1) (-1,-1) 
  (232,0) (232,1) (-1,-1) 
  (233,0) (233,1) (-1,-1) 
  (234,0) (234,1) (-1,-1) 
  (235,0) (235,1) (-1,-1) 
  (236,0) (236,1) (-1,-1) 
  (237,0) (237,1) (-1,-1) 
  (238,0) (238,1) (-1,-1) 
  (239,0) (239,1) (-1,-1) 
  (240,0) (240,1) (-1,-1) 
  (241,0) (241,1) (-1,-1) 
  (242,0) (242,1) (-1,-1) 
  (243,0) (243,1) (-1,-1) 
  (244,0) (244,1) (-1,-1) 
  (245,0) (245,1) (-1,-1) 
  (246,0) (246,1) (-1,-1) 
  (247,0) (247,1) (-1,-1) 
  (248,0) (248,1) (-1,-1) 
  (249,0) (249,1) (-1,-1) 
  (250,0) (250,1) (-1,-1) 
  (251,0) (251,1) (-1,-1) 
  (252,1) (252,0) (-1,-1) 
  (253,0) (253,1) (-1,-1) 
  (254,0) (254,1) (-1,-1) 
  (255,0) (255,1) (-1,-1) 
  (256,0) (256,1) (-1,-1) 
  (257,0) (257,1) (-1,-1) 
  (258,0) (258,1) (-1,-1) 
  (259,0) (259,1) (-1,-1) 
  (260,0) (260,1) (-1,-1) 
  (261,0) (261,1) (-1,-1) 
  (262,0) (262,1) (-1,-1) 
  (263,0) (263,1) (-1,-1) 
  (264,0) (264,1) (-1,-1) 
  (265,0) (265,1) (-1,-1) 
  (266,0) (266,1) (-1,-1) 
  (267,0) (267,1) (-1,-1) 
  (268,0) (268,1) (-1,-1) 
  (269,0) (269,1) (-1,-1) 
  (270,0) (270,1) (-1,-1) 
  (271,0) (271,1) (-1,-1) 
  (272,0) (272,1) (-1,-1) 
  (273,0) (273,1) (-1,-1) 
  (274,0) (274,1) (-1,-1) 
  (275,0) (275,1) (-1,-1) 
  (276,0) (276,1) (-1,-1) 
  (277,0) (277,1) (-1,-1) 
  (278,0) (278,1) (-1,-1) 
  (279,0) (279,1) (-1,-1) 
  (280,0) (280,1) (-1,-1) 
  (281,0) (281,1) (-1,-1) 
  (282,0) (282,1) (-1,-1) 
  (283,0) (283,1) (-1,-1) 
  (284,0) (284,1) (-1,-1) 
  (285,0) (285,1) (-1,-1) 
  (286,0) (286,1) (-1,-1) 
  (287,0) (287,1) (-1,-1) 
  (288,1) (288,0) (-1,-1) 
  (289,0) (289,1) (-1,-1) 
  (290,0) (290,1) (-1,-1) 
  (291,0) (291,1) (-1,-1) 
  (292,0) (292,1) (-1,-1) 
  (293,0) (293,1) (-1,-1) 
  (294,0) (294,1) (-1,-1) 
  (295,0) (295,1) (-1,-1) 
  (296,0) (296,1) (-1,-1) 
  (297,0) (297,1) (-1,-1) 
  (298,0) (298,1) (-1,-1) 
  (299,0) (299,1) (-1,-1) 
  (300,0) (300,1) (-1,-1) 
  (301,0) (301,1) (-1,-1) 
  (302,0) (302,1) (-1,-1) 
  (303,0) (303,1) (-1,-1) 
  (304,0) (304,1) (-1,-1) 
  (305,0) (305,1) (-1,-1) 
  (306,0) (306,1) (-1,-1) 
  (307,0) (307,1) (-1,-1) 
  (308,0) (308,1) (-1,-1) 
  (309,0) (309,1) (-1,-1) 
  (310,0) (310,1) (-1,-1) 
  (311,0) (311,1) (-1,-1) 
  (312,0) (312,1) (-1,-1) 
  (313,0) (313,1) (-1,-1) 
  (314,0) (314,1) (-1,-1) 
  (315,0) (315,1) (-1,-1) 
  (316,0) (316,1) (-1,-1) 
  (317,0) (317,1) (-1,-1) 
  (318,0) (318,1) (-1,-1) 
  (319,0) (319,1) (-1,-1) 
  (320,0) (320,1) (-1,-1) 
  (321,0) (321,1) (-1,-1) 
  (322,0) (322,1) (-1,-1) 
  (323,0) (323,1) (-1,-1) 
  (324,0) (324,1) (-1,-1) 
  (325,0) (325,1) (-1,-1) 
  (326,0) (326,1) (-1,-1) 
  (327,0) (327,1) (-1,-1) 
  (328,0) (328,1) (-1,-1) 
  (329,0) (329,1) (-1,-1) 
  (330,0) (330,1) (-1,-1) 
  (331,0) (331,1) (-1,-1) 
  (0,0) (0,1) (-1,-1) ]

(0,331) x (0,2)
[ (331,0) (331,1) (-1,-1) 
  (0,0) (0,1) (-1,-1) 
  (1,0) (1,1) (-1,-1) 
  (2,0) (2,1) (-1,-1) 
  (3,0) (3,1) (-1,-1) 
  (4,0) (4,1) (-1,-1) 
  (5,0) (5,1) (-1,-1) 
  (6,0) (6,1) (-1,-1) 
  (7,0) (7,1) (-1,-1) 
  (8,0) (8,1) (-1,-1) 
  (9,0) (9,1) (-1,-1) 
  (10,0) (10,1) (-1,-1) 
  (11,0) (11,1) (-1,-1) 
  (12,0) (12,1) (-1,-1) 
  (13,0) (13,1) (-1,-1) 
  (14,0) (14,1) (-1,-1) 
  (15,0) (15,1) (-1,-1) 
  (16,0) (16,1) (-1,-1) 
  (17,0) (17,1) (-1,-1) 
  (18,0) (18,1) (-1,-1) 
  (19,0) (19,1) (-1,-1) 
  (20,0) (20,1) (-1,-1) 
  (21,0) (21,1) (-1,-1) 
  (22,0) (22,1) (-1,-1) 
  (23,0) (23,1) (-1,-1) 
  (24,0) (24,1) (-1,-1) 
  (25,0) (25,1) (-1,-1) 
  (26,0) (26,1) (-1,-1) 
  (27,0) (27,1) (-1,-1) 
  (28,0) (28,1) (-1,-1) 
  (29,0) (29,1) (-1,-1) 
  (30,0) (30,1) (-1,-1) 
  (31,0) (31,1) (-1,-1) 
  (32,0) (32,1) (-1,-1) 
  (33,0) (33,1) (-1,-1) 
  (34,0) (34,1) (-1,-1) 
  (35,0) (35,1) (-1,-1) 
  (36,0) (36,1) (-1,-1) 
  (37,0) (37,1) (-1,-1) 
  (38,0) (38,1) (-1,-1) 
  (39,0) (39,1) (-1,-1) 
  (40,0) (40,1) (-1,-1) 
  (41,0) (41,1) (-1,-1) 
  (42,0) (42,1) (-1,-1) 
  (43,0) (43,1) (-1,-1) 
  (44,0) (44,1) (-1,-1) 
  (45,0) (45,1) (-1,-1) 
  (46,0) (46,1) (-1,-1) 
  (47,0) (47,1) (-1,-1) 
  (48,0) (48,1) (-1,-1) 
  (49,0) (49,1) (-1,-1) 
  (50,0) (50,1) (-1,-1) 
  (51,0) (51,1) (-1,-1) 
  (52,0) (52,1) (-1,-1) 
  (53,0) (53,1) (-1,-1) 
  (54,0) (54,1) (-1,-1) 
  (55,0) (55,1) (-1,-1) 
  (56,0) (56,1) (-1,-1) 
  (57,0) (57,1) (-1,-1) 
  (58,1) (58,0) (-1,-1) 
  (59,0) (59,1) (-1,-1) 
  (60,0) (60,1) (-1,-1) 
  (61,0) (61,1) (-1,-1) 
  (62,0) (62,1) (-1,-1) 
  (63,0) (63,1) (-1,-1) 
  (64,0) (64,1) (-1,-1) 
  (65,0) (65,1) (-1,-1) 
  (66,0) (66,1) (-1,-1) 
  (67,0) (67,1) (-1,-1) 
  (68,0) (68,1) (-1,-1) 
  (69,0) (69,1) (-1,-1) 
  (70,1) (70,0) (-1,-1) 
  (71,0) (71,1) (-1,-1) 
  (72,0) (72,1) (-1,-1) 
  (73,0) (73,1) (-1,-1) 
  (74,0) (74,1) (-1,-1) 
  (75,0) (75,1) (-1,-1) 
  (76,0) (76,1) (-1,-1) 
  (77,0) (77,1) (-1,-1) 
  (78,0) (78,1) (-1,-1) 
  (79,0) (79,1) (-1,-1) 
  (80,0) (80,1) (-1,-1) 
  (81,0) (81,1) (-1,-1) 
  (82,0) (82,1) (-1,-1) 
  (83,1) (83,0) (-1,-1) 
  (84,1) (84,0) (-1,-1) 
  (85,0) (85,1) (-1,-1) 
  (86,0) (86,1) (-1,-1) 
  (87,0) (87,1) (-1,-1) 
  (88,0) (88,1) (-1,-1) 
  (89,0) (89,1) (-1,-1) 
  (90,0) (90,1) (-1,-1) 
  (91,0) (91,1) (-1,-1) 
  (92,0) (92,1) (-1,-1) 
  (93,1) (93,0) (-1,-1) 
  (94,0) (94,1) (-1,-1) 
  (95,0) (95,1) (-1,-1) 
  (96,0) (96,1) (-1,-1) 
  (97,0) (97,1) (-1,-1) 
  (98,0) (98,1) (-1,-1) 
  (99,0) (99,1) (-1,-1) 
  (100,0) (100,1) (-1,-1) 
  (101,0) (101,1) (-1,-1) 
  (102,0) (102,1) (-1,-1) 
  (103,0) (103,1) (-1,-1) 
  (104,0) (104,1) (-1,-1) 
  (105,1) (105,0) (-1,-1) 
  (106,0) (106,1) (-1,-1) 
  (107,0) (107,1) (-1,-1) 
  (108,0) (108,1) (-1,-1) 
  (109,0) (109,1) (-1,-1) 
  (110,1) (110,0) (-1,-1) 
  (111,0) (111,1) (-1,-1) 
  (112,0) (112,1) (-1,-1) 
  (113,0) (113,1) (-1,-1) 
  (114,0) (114,1) (-1,-1) 
  (115,0) (115,1) (-1,-1) 
  (116,0) (116,1) (-1,-1) 
  (117,0) (117,1) (-1,-1) 
  (118,0) (118,1) (-1,-1) 
  (119,0) (119,1) (-1,-1) 
  (120,0) (120,1) (-1,-1) 
  (121,0) (121,1) (-1,-1) 
  (122,0) (122,1) (-1,-1) 
  (123,0) (123,1) (-1,-1) 
  (124,0) (124,1) (-1,-1) 
  (125,0) (125,1) (-1,-1) 
  (126,1) (126,0) (-1,-1) 
  (127,0) (127,1) (-1,-1) 
  (128,0) (128,1) (-1,-1) 
  (129,0) (129,1) (-1,-1) 
  (130,0) (130,1) (-1,-1) 
  (131,1) (131,0) (-1,-1) 
  (132,0) (132,1) (-1,-1) 
  (133,0) (133,1) (-1,-1) 
  (134,0) (134,1) (-1,-1) 
  (135,0) (135,1) (-1,-1) 
  (136,0) (136,1) (-1,-1) 
  (137,0) (137,1) (-1,-1) 
  (138,0) (138,1) (-1,-1) 
  (139,0) (139,1) (-1,-1) 
  (140,0) (140,1) (-1,-1) 
  (141,0) (141,1) (-1,-1) 
  (142,1) (142,0) (-1,-1) 
  (143,0) (143,1) (-1,-1) 
  (144,0) (144,1) (-1,-1) 
  (145,0) (145,1) (-1,-1) 
  (146,0) (146,1) (-1,-1) 
  (147,0) (147,1) (-1,-1) 
  (148,0) (148,1) (-1,-1) 
  (149,0) (149,1) (-1,-1) 
  (150,0) (150,1) (-1,-1) 
  (151,0) (151,1) (-1,-1) 
  (152,0) (152,1) (-1,-1) 
  (153,0) (153,1) (-1,-1) 
  (154,0) (154,1) (-1,-1) 
  (155,0) (155,1) (-1,-1) 
  (156,0) (156,1) (-1,-1) 
  (157,0) (157,1) (-1,-1) 
  (158,0) (158,1) (-1,-1) 
  (159,1) (159,0) (-1,-1) 
  (160,0) (160,1) (-1,-1) 
  (161,0) (161,1) (-1,-1) 
  (162,0) (162,1) (-1,-1) 
  (163,0) (163,1) (-1,-1) 
  (164,0) (164,1) (-1,-1) 
  (165,0) (165,1) (-1,-1) 
  (166,0) (166,1) (-1,-1) 
  (167,0) (167,1) (-1,-1) 
  (168,0) (168,1) (-1,-1) 
  (169,0) (169,1) (-1,-1) 
  (170,1) (170,0) (-1,-1) 
  (171,0) (171,1) (-1,-1) 
  (172,0) (172,1) (-1,-1) 
  (173,0) (173,1) (-1,-1) 
  (174,0) (174,1) (-1,-1) 
  (175,0) (175,1) (-1,-1) 
  (176,0) (176,1) (-1,-1) 
  (177,0) (177,1) (-1,-1) 
  (178,0) (178,1) (-1,-1) 
  (179,0) (179,1) (-1,-1) 
  (180,1) (180,0) (-1,-1) 
  (181,0) (181,1) (-1,-1) 
  (182,0) (182,1) (-1,-1) 
  (183,0) (183,1) (-1,-1) 
  (184,0) (184,1) (-1,-1) 
  (185,0) (185,1) (-1,-1) 
  (186,0) (186,1) (-1,-1) 
  (187,0) (187,1) (-1,-1) 
  (188,0) (188,1) (-1,-1) 
  (189,0) (189,1) (-1,-1) 
  (190,0) (190,1) (-1,-1) 
  (191,0) (191,1) (-1,-1) 
  (192,0) (192,1) (-1,-1) 
  (193,0) (193,1) (-1,-1) 
  (194,0) (194,1) (-1,-1) 
  (195,0) (195,1) (-1,-1) 
  (196,0) (196,1) (-1,-1) 
  (197,1) (197,0) (-1,-1) 
  (198,0) (198,1) (-1,-1) 
  (199,1) (199,0) (-1,-1) 
  (200,0) (200,1) (-1,-1) 
  (201,0) (201,1) (-1,-1) 
  (202,0) (202,1) (-1,-1) 
  (203,0) (203,1) (-1,-1) 
  (204,0) (204,1) (-1,-1) 
  (205,0) (205,1) (-1,-1) 
  (206,0) (206,1) (-1,-1) 
  (207,0) (207,1) (-1,-1) 
  (208,0) (208,1) (-1,-1) 
  (209,0) (209,1) (-1,-1) 
  (210,0) (210,1) (-1,-1) 
  (211,0) (211,1) (-1,-1) 
  (212,0) (212,1) (-1,-1) 
  (213,0) (213,1) (-1,-1) 
  (214,0) (214,1) (-1,-1) 
  (215,0) (215,1) (-1,-1) 
  (216,0) (216,1) (-1,-1) 
  (217,0) (217,1) (-1,-1) 
  (218,0) (218,1) (-1,-1) 
  (219,0) (219,1) (-1,-1) 
  (220,0) (220,1) (-1,-1) 
  (221,0) (221,1) (-1,-1) 
  (222,0) (222,1) (-1,-1) 
  (223,0) (223,1) (-1,-1) 
  (224,0) (224,1) (-1,-1) 
  (225,0) (225,1) (-1,-1) 
  (226,0) (226,1) (-1,-1) 
  (227,0) (227,1) (-1,-1) 
  (228,0) (228,1) (-1,-1) 
  (229,0) (229,1) (-1,-1) 
  (230,0) (230,1) (-1,-1) 
  (231,0) (231,1) (-1,-1) 
  (232,0) (232,1) (-1,-1) 
  (233,0) (233,1) (-1,-1) 
  (234,0) (234,1) (-1,-1) 
  (235,0) (235,1) (-1,-1) 
  (236,0) (236,1) (-1,-1) 
  (237,0) (237,1) (-1,-1) 
  (238,0) (238,1) (-1,-1) 
  (239,0) (239,1) (-1,-1) 
  (240,0) (240,1) (-1,-1) 
  (241,0) (241,1) (-1,-1) 
  (242,0) (242,1) (-1,-1) 
  (243,0) (243,1) (-1,-1) 
  (244,0) (244,1) (-1,-1) 
  (245,0) (245,1) (-1,-1) 
  (246,0) (246,1) (-1,-1) 
  (247,0) (247,1) (-1,-1) 
  (248,0) (248,1) (-1,-1) 
  (249,0) (249,1) (-1,-1) 
  (250,0) (250,1) (-1,-1) 
  (251,1) (251,0) (-1,-1) 
  (252,0) (252,1) (-1,-1) 
  (253,0) (253,1) (-1,-1) 
  (254,0) (254,1) (-1,-1) 
  (255,0) (255,1) (-1,-1) 
  (256,0) (256,1) (-1,-1) 
  (257,0) (257,1) (-1,-1) 
  (258,0) (258,1) (-1,-1) 
  (259,0) (259,1) (-1,-1) 
  (260,0) (260,1) (-1,-1) 
  (261,0) (261,1) (-1,-1) 
  (262,0) (262,1) (-1,-1) 
  (263,0) (263,1) (-1,-1) 
  (264,0) (264,1) (-1,-1) 
  (265,0) (265,1) (-1,-1) 
  (266,0) (266,1) (-1,-1) 
  (267,0) (267,1) (-1,-1) 
  (268,0) (268,1) (-1,-1) 
  (269,0) (269,1) (-1,-1) 
  (270,0) (270,1) (-1,-1) 
  (271,0) (271,1) (-1,-1) 
  (272,0) (272,1) (-1,-1) 
  (273,0) (273,1) (-1,-1) 
  (274,0) (274,1) (-1,-1) 
  (275,0) (275,1) (-1,-1) 
  (276,0) (276,1) (-1,-1) 
  (277,0) (277,1) (-1,-1) 
  (278,0) (278,1) (-1,-1) 
  (279,0) (279,1) (-1,-1) 
  (280,0) (280,1) (-1,-1) 
  (281,0) (281,1) (-1,-1) 
  (282,0) (282,1) (-1,-1) 
  (283,0) (283,1) (-1,-1) 
  (284,0) (284,1) (-1,-1) 
  (285,0) (285,1) (-1,-1) 
  (286,0) (286,1) (-1,-1) 
  (287,1) (287,0) (-1,-1) 
  (288,0) (288,1) (-1,-1) 
  (289,0) (289,1) (-1,-1) 
  (290,0) (290,1) (-1,-1) 
  (291,0) (291,1) (-1,-1) 
  (292,0) (292,1) (-1,-1) 
  (293,0) (293,1) (-1,-1) 
  (294,0) (294,1) (-1,-1) 
  (295,0) (295,1) (-1,-1) 
  (296,0) (296,1) (-1,-1) 
  (297,0) (297,1) (-1,-1) 
  (298,0) (298,1) (-1,-1) 
  (299,0) (299,1) (-1,-1) 
  (300,0) (300,1) (-1,-1) 
  (301,0) (301,1) (-1,-1) 
  (302,0) (302,1) (-1,-1) 
  (303,0) (303,1) (-1,-1) 
  (304,0) (304,1) (-1,-1) 
  (305,0) (305,1) (-1,-1) 
  (306,0) (306,1) (-1,-1) 
  (307,0) (307,1) (-1,-1) 
  (308,0) (308,1) (-1,-1) 
  (309,0) (309,1) (-1,-1) 
  (310,0) (310,1) (-1,-1) 
  (311,0) (311,1) (-1,-1) 
  (312,0) (312,1) (-1,-1) 
  (313,0) (313,1) (-1,-1) 
  (314,0) (314,1) (-1,-1) 
  (315,0) (315,1) (-1,-1) 
  (316,0) (316,1) (-1,-1) 
  (317,0) (317,1) (-1,-1) 
  (318,0) (318,1) (-1,-1) 
  (319,0) (319,1) (-1,-1) 
  (320,0) (320,1) (-1,-1) 
  (321,0) (321,1) (-1,-1) 
  (322,0) (322,1) (-1,-1) 
  (323,0) (323,1) (-1,-1) 
  (324,0) (324,1) (-1,-1) 
  (325,0) (325,1) (-1,-1) 
  (326,0) (326,1) (-1,-1) 
  (327,0) (327,1) (-1,-1) 
  (328,0) (328,1) (-1,-1) 
  (329,0) (329,1) (-1,-1) 
  (330,0) (330,1) (-1,-1) ]

(0,331) x (0,2)
[ 1 1 0 
  1 1 0 
  1 1 0 
  1 1 0 
  1 1 0 
  1 1 0 
  1 1 0 
  1 1 0 
  1 1 0 
  1 1 0 
  1 1 0 
  1 1 0 
  1 1 0 
  1 1 0 
  1 1 0 
  1 1 0 
  1 1 0 
  1 1 0 
  1 1 0 
  1 1 0 
  1 1 0 
  1 1 0 
  1 1 0 
  1 1 0 
  1 1 0 
  1 1 0 
  1 1 0 
  1 1 0 
  1 1 0 
  1 1 0 
  1 1 0 
  1 1 0 
  1 1 0 
  1 1 0 
  1 1 0 
  1 1 0 
  1 1 0 
  1 1 0 
  1 1 0 
  1 1 0 
  1 1 0 
  1 1 0 
  1 1 0 
  1 1 0 
  1 1 0 
  1 1 0 
  1 1 0 
  1 1 0 
  1 1 0 
  1 1 0 
  1 1 0 
  1 1 0 
  1 1 0 
  1 1 0 
  1 1 0 
  1 1 0 
  1 1 0 
  1 1 0 
  1 1 0 
  1 1 0 
  1 1 0 
  1 1 0 
  1 1 0 
  1 1 0 
  1 1 0 
  1 1 0 
  1 1 0 
  1 1 0 
  1 1 0 
  1 1 0 
  1 1 0 
  1 1 0 
  1 1 0 
  1 1 0 
  1 1 0 
  1 1 0 
  1 1 0 
  1 1 0 
  1 1 0 
  1 1 0 
  1 1 0 
  1 1 0 
  1 1 0 
  1 1 0 
  1 1 0 
  1 1 0 
  1 1 0 
  1 1 0 
  1 1 0 
  1 1 0 
  1 1 0 
  1 1 0 
  1 1 0 
  1 1 0 
  1 1 0 
  1 1 0 
  1 1 0 
  1 1 0 
  1 1 0 
  1 1 0 
  1 1 0 
  1 1 0 
  1 1 0 
  1 1 0 
  1 1 0 
  1 1 0 
  1 1 0 
  1 1 0 
  1 1 0 
  1 1 0 
  1 1 0 
  1 1 0 
  1 1 0 
  1 1 0 
  1 1 0 
  1 1 0 
  1 1 0 
  1 1 0 
  1 1 0 
  1 1 0 
  1 1 0 
  1 1 0 
  1 1 0 
  1 1 0 
  1 1 0 
  1 1 0 
  1 1 0 
  1 1 0 
  1 1 0 
  1 1 0 
  1 1 0 
  1 1 0 
  1 1 0 
  1 1 0 
  1 1 0 
  1 1 0 
  1 1 0 
  1 1 0 
  1 1 0 
  1 1 0 
  1 1 0 
  1 1 0 
  1 1 0 
  1 1 0 
  1 1 0 
  1 1 0 
  1 1 0 
  1 1 0 
  1 1 0 
  1 1 0 
  1 1 0 
  1 1 0 
  1 1 0 
  1 1 0 
  1 1 0 
  1 1 0 
  1 1 0 
  1 1 0 
  1 1 0 
  1 1 0 
  1 1 0 
  1 1 0 
  1 1 0 
  1 1 0 
  1 1 0 
  1 1 0 
  1 1 0 
  1 1 0 
  1 1 0 
  1 1 0 
  1 1 0 
  1 1 0 
  1 1 0 
  1 1 0 
  1 1 0 
  1 1 0 
  1 1 0 
  1 1 0 
  1 1 0 
  1 1 0 
  1 1 0 
  1 1 0 
  1 1 0 
  1 1 0 
  1 1 0 
  1 1 0 
  1 1 0 
  1 1 0 
  1 1 0 
  1 1 0 
  1 1 0 
  1 1 0 
  1 1 0 
  1 1 0 
  1 1 0 
  1 1 0 
  1 1 0 
  1 1 0 
  1 1 0 
  1 1 0 
  1 1 0 
  1 1 0 
  1 1 0 
  1 1 0 
  1 1 0 
  1 1 0 
  1 1 0 
  1 1 0 
  1 1 0 
  1 1 0 
  1 1 0 
  1 1 0 
  1 1 0 
  1 1 0 
  1 1 0 
  1 1 0 
  1 1 0 
  1 1 0 
  1 1 0 
  1 1 0 
  1 1 0 
  1 1 0 
  1 1 0 
  1 1 0 
  1 1 0 
  1 1 0 
  1 1 0 
  1 1 0 
  1 1 0 
  1 1 0 
  1 1 0 
  1 1 0 
  1 1 0 
  1 1 0 
  1 1 0 
  1 1 0 
  1 1 0 
  1 1 0 
  1 1 0 
  1 1 0 
  1 1 0 
  1 1 0 
  1 1 0 
  1 1 0 
  1 1 0 
  1 1 0 
  1 1 0 
  1 1 0 
  1 1 0 
  1 1 0 
  1 1 0 
  1 1 0 
  1 1 0 
  1 1 0 
  1 1 0 
  1 1 0 
  1 1 0 
  1 1 0 
  1 1 0 
  1 1 0 
  1 1 0 
  1 1 0 
  1 1 0 
  1 1 0 
  1 1 0 
  1 1 0 
  1 1 0 
  1 1 0 
  1 1 0 
  1 1 0 
  1 1 0 
  1 1 0 
  1 1 0 
  1 1 0 
  1 1 0 
  1 1 0 
  1 1 0 
  1 1 0 
  1 1 0 
  1 1 0 
  1 1 0 
  1 1 0 
  1 1 0 
  1 1 0 
  1 1 0 
  1 1 0 
  1 1 0 
  1 1 0 
  1 1 0 
  1 1 0 
  1 1 0 
  1 1 0 
  1 1 0 
  1 1 0 
  1 1 0 
  1 1 0 
  1 1 0 
  1 1 0 
  1 1 0 
  1 1 0 
  1 1 0 
  1 1 0 
  1 1 0 
  1 1 0 
  1 1 0 
  1 1 0 
  1 1 0 
  1 1 0 
  1 1 0 
  1 1 0 
  1 1 0 
  1 1 0 
  1 1 0 
  1 1 0 
  1 1 0 
  1 1 0 
  1 1 0 
  1 1 0 
  1 1 0 
  1 1 0 
  1 1 0 
  1 1 0 
  1 1 0 
  1 1 0 
  1 1 0 
  1 1 0 
  1 1 0 
  1 1 0 
  1 1 0 
  1 1 0 
  1 1 0 
  1 1 0 ]

1177477074 1749568587 2730522479 1930609459 1041878678 2133795665 1561782329 2431725084 4151154392 1466837445 4293536069 564213839 566808131 794095580 2567078092 2167785978 776844746 3428028383 142799262 2290912315 1713300019 1115863509 2103485085 709497234 3522676836 3046259829 156334187 389594339 3024879094 2334064363 2256476169 907407977 2400279406 3601122176 2197804351 2062365617 334964042 3978709574 2822387513 2491331171 4212673536 2371262710 133202081 2824143619 3819781405 2171442548 918578018 1450708034 3729856338 1247658815 4240390636 3462339551 3503325910 3404012387 661117764 572497453 3717551679 1434411287 1958418501 3041434696 782197672 4242073377 4023326135 2479793010 1286046055 3898811058 2917716880 3898453490 2177131615 1166694142 1467295144 2211923769 3768224969 2592907654 1917112509 262898615 3342623062 3843623161 3706485112 1782875048 3863822196 4076637873 2435380792 2720179899 3047871690 1779864538 1358118040 1985805405 1655247772 994760288 2025041809 592115519 3495947941 1281494897 4117035012 3742280379 3246468775 3952514344 4000557622 4000695931 1972211676 809008289 3354267923 3398459251 2854089157 2586032010 372144373 1218051118 1026292938 2573967789 499083436 3544806958 505422021 220702091 3855696061 3480844071 1888364817 3345553797 2261139911 1099460852 116053437 176268768 2674503251 4075777432 2230044100 3855354642 562506974 3602515410 1723084195 415092085 2637749332 2665698761 1602567240 3930954302 2118970522 1180323800 1320194947 2670465969 3750702955 3533046303 89124748 3551356119 3299397929 2475205774 1289789574 1858365733 1530621637 467108246 1287919442 2820541196 2874928913 647911676 2038989320 3553346235 4098611336 1039564488 2979962548 3167564016 939592100 1951544136 2768168636 1243961089 2919624686 3271882192 2197437335 4124454394 1251018498 3496254318 4167029928 608479104 264994661 853172247 1055496660 4155038820 1794204701 2572450504 1848376337 1973453953 1978601750 1135308527 4084217058 2892314423 2144895808 457739236 2522154776 2368566921 2441301591 2642684521 1663936271 2031887359 2016993787 1330874184 2204198053 1515054051 1615522355 3349876372 3650610683 2284661901 2966700477 3780067818 2845845602 853315199 1812236293 1194504254 1913589542 1463098306 3717920867 432163404 1280772896 4156228400 2520636063 1565274039 1124226009 3320245483 1447789457 579611792 338297725 3498605777 2434633891 1261909698 751050873 1886131184 1459177927 2663103532 1631633953 2635666742 1279017074 2676350962 1478430065 2380996854 4004225491 1712773628 2152012450 1185775694 776393161 1020392977 3698771795 2692760280 4126962430 819854583 2742370602 955182469 2880950559 2409081727 778010084 2737450963 1760624708 2728239628 2865987508 3399808488 3039997595 1400974223 2892289514 3741895989 3201945945 1285657968 4092566885 3919857137 4028834442 1001842539 324082994 3597719986 3835646028 3339546338 2146614039 2900309312 3632616223 2373533570 1274921460 30632578 3741215376 1631682343 1350521864 3634781579 3835335473 2832278080 2613548463 2271575911 3352615118 1036853967 2812165144 3359208006 1153528131 1066821088 2039160208 2759341092 3817694857 3450479770 3043065269 812198943 2698122498 204127568 3793258108 3340158913 581774178 20668902 3010624021 734632409 784301681 2732324384 1236043232 2304434836 1967935128 1656998523 2975774694 3803964363 1407560358 1575309787 3144832983 871245731 2342465093 2056264315 368475397 3555489560 862278718 300501228 3052467757 2434968552 1218213857 4094187425 1703963004 1023326063 613971159 4218844395 3955273806 1545587006 1280630836 2643864528 2983219176 3156849442 1706128050 2719202856 2610747280 411835310 2955109955 1802430405 4191937391 3334674560 880776183 3289890891 856232098 2257685004 3988221859 743434628 2614130466 964597969 863012055 3641178778 2437651968 16367240 2926849242 203411339 3156596658 2955827638 3773430069 1440047386 1517648170 3686848596 3630258750 226676087 634070380 982417051 3408444981 769570523 4047666894 3229108280 957996743 547815099 949205677 1482499310 2752411902 2743288689 743110269 2364109619 3994335476 2932088800 1925998257 3456773214 1457072918 2535325431 714494946 2292356312 1024599412 784183035 4089592590 255395951 3165134148 2631906107 1254113267 2434896335 2001018806 370544348 451979837 1391346584 3899241952 757193543 3235888692 1994833073 1166317147 2381532847 119858238 2702767415 313228235 1830963675 612328096 3989525560 3069405837 3330194809 4061981445 1351973993 3860861029 13897834 3402944346 854314042 909814750 4090221553 4114696528 1451488405 1247140013 1290030277 883023503 4264490994 2114619181 3721125652 2005693358 2752444311 602729220 2761915542 929527081 3201753222 3857343997 4233710131 411773384 192937958 1674307366 4226975852 671631671 2523026727 349674039 82278569 3449345983 1494270071 80482495 753187141 1827943447 1437379092 4280539634 1315834149 2098019399 1821177263 3802711031 1831318970 2708052271 1779416298 1422280598 2328451499 1017846627 2705026775 29627744 1159091432 1287927020 2865589802 3229593895 2305288149 2617035128 916081808 2630493734 3554143099 1245307033 2465053382 3470097715 1711500756 3592936555 3059004821 208709894 3637695687 1798410376 2131782840 1702963866 3870589157 111118580 3118153760 3796962044 1771012020 3558811245 3045508571 3091192744 736164065 1412293757 3454543374 39150446 3340097254 1103091342 783149132 1136499877 4243950237 695624510 1874044931 2396069343 3295959818 2482670246 4201330943 1677296474 575997004 1525037810 1983885473 2990143308 1451123779 2441157633 331940053 9810657 1917361504 2686224058 1521567455 3628296297 201163986 1651392012 1160024631 2394621342 2968022760 2150466295 2099794202 2495178583 3219127304 736346950 3538283903 2036128214 2867413163 565426828 2411490451 2713636271 3179121903 3661805911 338750531 3964801354 2464672777 3860833636 3198135077 1493375490 1027428252 3694509704 1707816278 3254421772 265419240 3363103567 1931535221 3626742070 660655343 3726539068 687074097 1735758309 4236792729 1860834720 4226792004 897627684 1679991607 3567946061 21801726 3509015962 3092149791 1687035009 1457577710 637606202 3780515327 116919780 3639834581 577516958 1377921738 3345633159 659312104 3963568610 3541519353 1305707818 3642904588 1177322830 2342541906 3651027395 4079219332 2646589075 453175272 2832987381 858315456 2182803359 3560647018 2393494719 1851775378 1119708005 4039496457 3447020626 2709361822 3344355774 3029831913 965767520 2608727808 133862309 2989185948 2291028539 152633492 44497542 722641543 388549598 2144014328 1747031840 3021151870 3644523803 2346618656 460575901 2123226506 155621637 514715916 1576023596 3730465652 470645735 1397103359 2126186393 87015344 1140772769 3738065636 2853023508 3217261459 1759216298 379399466 1620985443 3821588957 597 
