3
       300266593	       858439564
         7832203	         7857860
       180338730	       180519369
          951084	       254724971
          951010	          951019
         8340343	       255675511
         8340417	         8340417
        20795165	        23644845
        20791965	        21144299
        20793624	        21146056
        20789074	        23639130
         5170887	        30401274
         5172091	        30394813
         5000000	         9452533
         5000000	         9452533
(0,165) x (0,2)
[ (-4.850541734680225) (2.014393867171282) (-6.203650339438871) 
  (-4.911729272544653) (1.950640408685351) (-6.232490077412811) 
  (-4.907985022346913) (1.982841938848417) (-6.254779032009716) 
  (-4.848384414211807) (1.924816224101201) (-6.308607408308945) 
  (-4.867637550551393) (1.971754802114197) (1.05108349584043) 
  (-4.821288631818831) (1.938074728889841) (1.054608935110254) 
  (-4.854466165338459) (1.957142715905418) (-3.206973378546536) 
  (-4.869980945834213) (2.022002231564956) (4.946337537029312) 
  (-4.844735304927241) (2.049904979300714) (0.5468202801421285) 
  (-4.797222983366652) (2.062865687344761) (0.62308748815968) 
  (2.050653655175719) (-4.762596973633634) (0.6760063830038359) 
  (2.129961772199688) (-4.814756388307022) (0.7632110215939452) 
  (2.164950628161256) (-4.851097406655535) (0.8236655384648272) 
  (2.196624868794783) (-4.872540433899227) (0.8527015857686997) 
  (2.12008778987689) (-4.827617082833237) (8.023115983232856) 
  (2.094788021985876) (-4.731905861632977) (8.066665990167531) 
  (2.027279424485132) (-4.737608394406236) (0.845099083443569) 
  (2.002970831027128) (-4.77464857237565) (0.8052963268036594) 
  (1.881045090491805) (-4.746303112561401) (-1.807906837202609) 
  (1.898218050388947) (-4.730356523712653) (-1.849616772753577) 
  (-4.711390433406105) (1.912490787898715) (-1.765730286625751) 
  (-4.74314740161453) (1.930438919929266) (1.71525967494772) 
  (-4.756205353277727) (2.021453161408739) (-7.521516932174563) 
  (-4.78552166403802) (1.979762366562793) (-7.645082293066107) 
  (-4.735570147683517) (1.947489613696919) (-7.692958069479282) 
  (1.978529948988043) (-4.75681964107024) (-7.712147966693217) 
  (1.938874622596195) (-4.76908061653955) (-4.270603978248911) 
  (1.952836411119843) (-4.797621660074708) (-4.267807895148553) 
  (1.977984265350692) (-4.878384142755216) (7.260321858339012) 
  (1.926775708847864) (-4.924634602434399) (7.255301792464987) 
  (1.976806473191787) (-4.937830614810781) (-8.567539439536631) 
  (1.963427219831158) (-4.868553514510364) (-8.523619207148011) 
  (2.001525955772216) (-4.91895777234925) (-5.240959534421563) 
  (1.969228990617328) (-4.966935555205599) (-5.234590376358784) 
  (1.955799821822786) (-4.951019800187648) (5.825332128442824) 
  (1.926273795479696) (-4.914609325837375) (5.808182982538519) 
  (-4.949825075898835) (2.014581503986116) (-5.204434429413442) 
  (-5.009013887409487) (2.030793326779486) (-5.12520623745176) 
  (-5.004309266777339) (2.062561082578074) (5.424025761894882) 
  (-4.931172368778522) (1.961840457255275) (8.597771195428555) 
  (-4.948554309033669) (2.015898926343979) (8.905990454368293) 
  (-4.918318312578124) (2.051636295209732) (8.915725036456751) 
  (-4.915960361806892) (2.126851330685047) (1.38279268052429) 
  (-4.968776184507262) (2.151783624639303) (1.352149925891333) 
  (-4.97357359343111) (2.132755838059583) (1.362754095860048) 
  (-4.922494655137964) (2.158593090959332) (-8.436045132565951) 
  (-4.98279315073157) (2.167794439549708) (-0.2142226975411177) 
  (2.179114178277766) (-4.933738843877895) (-0.2053301622637547) 
  (2.197667953900291) (-4.849619103975969) (-8.945790021680295) 
  (2.241443800321965) (-4.79229716420952) (6.997436712753282) 
  (2.21262397027008) (-4.767535997958408) (-6.998004717752337) 
  (2.177920532103096) (-4.730075170939008) (-7.000774516927932) 
  (2.180111647130251) (-4.757482611074007) (-6.897744621407874) 
  (2.201564503045607) (-4.812614956919914) (-6.873720640040912) 
  (2.162501219869362) (-4.779028292339935) (-6.869161292706086) 
  (2.211061096309802) (-4.785428320745382) (-6.856663414449498) 
  (2.216835670704446) (-4.74422725534408) (-6.876789747833617) 
  (2.211164688161588) (-4.712361805064761) (-0.8860463618087315) 
  (2.238168857688846) (-4.723488211352781) (-0.83193139332764) 
  (2.240233754017552) (-4.765311935912095) (2.65241017385678) 
  (2.21232561028014) (-4.800346742417518) (-4.17882427573204) 
  (2.232206377035036) (-4.752192501290925) (2.701267181540614) 
  (-4.741758263957118) (2.193522918743758) (2.565395421997554) 
  (-4.749190105827081) (2.204577828430648) (2.510397283426719) 
  (-4.716176153293528) (2.232607670755533) (-4.367082011885941) 
  (-4.640801794341213) (2.206890544955532) (-4.342346601162826) 
  (-4.568640829412258) (2.25937340650112) (-7.144448440521955) 
  (-4.589963861490864) (2.285856202264759) (5.937498120485525) 
  (-4.534097615982352) (2.201999474547107) (-2.058925977908075) 
  (-4.551921528505509) (2.153133660434975) (-2.04916083940379) 
  (-4.502496729602857) (2.161321932415612) (-2.008948292865663) 
  (-4.536322850525422) (2.219329198240348) (5.888273035292889) 
  (2.157804584575669) (-4.587251643762028) (5.759222065098584) 
  (2.20262934757235) (-4.570496641408554) (5.72897918028232) 
  (2.211899529675232) (-4.62311433484192) (2.017217203974724) 
  (2.26377016001686) (-4.699473896668804) (2.073637147300041) 
  (2.257717463518084) (-4.618076129535397) (2.049514935863802) 
  (2.274070238075317) (-4.622138117273113) (2.067184447059748) 
  (-4.637046373344673) (2.189643612622094) (8.679139823652804) 
  (-4.58895308388152) (2.177897522413677) (8.665024566498511) 
  (-4.474507618498571) (2.219837910562294) (8.665054646317078) 
  (-4.489813144054923) (2.224870548367137) (8.659877196130529) 
  (-4.570401894456692) (2.201636904177599) (8.626059254044197) 
  (-4.586506806744791) (2.262042647775866) (8.576963317587268) 
  (-4.563897162053909) (2.28139670968224) (-8.976083122067626) 
  (-4.556095728179034) (2.287136177770023) (-8.938641727447033) 
  (-4.517434749279449) (2.335682474480653) (-0.2159674325957894) 
  (-4.548363620635823) (2.30410549863513) (-0.2356662635805103) 
  (-4.563192410773161) (2.267298889646848) (-0.1812288878058234) 
  (-4.581537169171341) (2.264341207000787) (-0.2548510316265467) 
  (-4.562754109471478) (2.247409135066524) (-0.3145026269945355) 
  (-4.568078531021142) (2.273524939220041) (-0.4385217231148962) 
  (-4.629795393866891) (2.229646620764033) (3.090834813192487) 
  (-4.574007955843244) (2.234824242776742) (3.123485317048128) 
  (-4.598247427310618) (2.245551064792152) (3.127214180624287) 
  (-4.568844218635219) (2.241734808832873) (3.101972526385659) 
  (-4.497959315665556) (2.318661886891746) (3.140853737200406) 
  (-4.499480733486979) (2.274739650356192) (3.165167540366104) 
  (-4.418863171334417) (2.312273332470781) (3.239114046300373) 
  (-4.477681580622439) (2.285950991319762) (3.315374130903644) 
  (-4.492109324479547) (2.304761546468658) (-5.733433402357871) 
  (-4.490023501366704) (2.329874250605671) (-5.693274758006275) 
  (-4.436933882922098) (2.374356436005147) (6.197432135231793) 
  (-4.369848174715421) (2.375393901386492) (6.2507349730737) 
  (-4.408071830055827) (2.417553095466681) (0.03907678183168173) 
  (2.464697712723348) (-4.427214005706987) (7.049953413868366) 
  (2.53137116341952) (-4.382302979549371) (6.068946361179309) 
  (2.565778454331578) (-4.371895240614347) (6.069975965427728) 
  (-4.431798975258491) (2.559925176824478) (5.990965094108083) 
  (-4.50085901183923) (2.536570282329063) (6.049601138988229) 
  (-4.497737967052812) (2.575848170596988) (4.59313231986016) 
  (-4.53456502482526) (2.51540579307148) (-5.77092501237607) 
  (-4.567121781544246) (2.548483907100318) (-3.850359367206693) 
  (-4.551458193567719) (2.509228691507449) (-3.867389574193916) 
  (-4.576839395523503) (2.493438209443444) (7.921060700900853) 
  (2.520877164979684) (-4.617515319903191) (7.913437727161072) 
  (2.485114712701061) (-4.646568248680937) (7.988781462776564) 
  (2.512615433438146) (-4.69597608659063) (0.9019510967219453) 
  (2.50280015298976) (-4.712228723473717) (8.118608673103154) 
  (2.532218420682303) (-4.754618733684914) (8.118177966545709) 
  (2.505463206375471) (-4.722506637111018) (-3.854209701530635) 
  (2.557492011194709) (-4.760944789788279) (-3.780795213977223) 
  (2.511889093530241) (-4.810508629160827) (-3.743961947381888) 
  (2.539095544714173) (-4.779877729030341) (-3.700205506170223) 
  (2.504115993341049) (-4.751477068885159) (-8.685361216776073) 
  (2.442079288555619) (-4.715471071804672) (-8.717726129328245) 
  (2.446761893009215) (-4.760087541323487) (-8.769161193460615) 
  (2.423792076149944) (-4.774288070763077) (-3.647984593971414) 
  (2.401013012932521) (-4.788279797713686) (-3.731705560566759) 
  (2.310261776031433) (-4.748504715186749) (-1.937855767895819) 
  (-4.813410296980883) (2.342917293694623) (-1.970212709888274) 
  (2.244113943181738) (-4.742039425138531) (5.600306846727714) 
  (2.27233528109165) (-4.754422651339326) (7.485828287899494) 
  (2.37805454451759) (-4.704462117556523) (5.695319332710028) 
  (2.380341470457615) (-4.651974334089758) (-3.370108278468251) 
  (2.388016789910293) (-4.638693695196811) (-3.320576348626712) 
  (2.348035967450398) (-4.708997616259251) (-3.487386223860085) 
  (-4.691873092150542) (2.322607651467191) (-3.425843424183173) 
  (-4.626725487138281) (2.376838343305209) (-3.375044585710671) 
  (-4.622875177175141) (2.338881102148246) (-3.339401135404591) 
  (-4.599326944182589) (2.324384372628645) (-3.398713012038459) 
  (-4.648341674409294) (2.328029947232284) (-3.360322587652445) 
  (-4.62516845981078) (2.344958459554334) (-3.364938149856668) 
  (-4.613716036621992) (2.265404405984885) (-3.324309185987164) 
  (-4.581838160742252) (2.257112037011497) (-3.428775504981885) 
  (-4.624162068046729) (2.258649829929354) (-3.385542487004272) 
  (-4.601443765336837) (2.137246484134483) (7.245378447696567) 
  (-4.625000356430045) (2.094610356521389) (7.286140851244271) 
  (-4.620820971503773) (2.093185300419524) (5.920200836844742) 
  (-4.626458929882758) (2.05785093734531) (5.899286895647895) 
  (-4.684780922747922) (2.077241816195091) (2.401447426527739) 
  (-4.716090157743073) (1.985326545495444) (-7.594945689002337) 
  (-4.773872160275571) (1.947979533394495) (2.544618928804994) 
  (-4.762461270164054) (1.921406576779262) (2.601497150379189) 
  (-4.80176517592771) (1.957280672267892) (3.540978794917464) 
  (-4.788167704003316) (1.952843339019732) (2.567979585965687) 
  (-4.721152052545994) (1.827820007680274) (-5.974724320855271) 
  (-4.773502887142224) (1.828409340338556) (-1.080704061340613) 
  (-4.747536942727258) (1.851045351122827) (-4.637087732553482) 
  (-4.744804632442345) (1.870055319578169) (-1.254776791253406) 
  (-4.749343125461489) (1.997900012261716) (-7.739529558457434) 
  (-4.771944364234185) (1.974123510064513) (-7.798075723776843) 
  (-4.791297276277378) (2.009244742269932) (-2.508890818476737) 
  (-4.893544887640697) (1.986941884951899) (-2.530743334867713) 
  (-4.846912814077417) (2.020830465668686) (8.824422180729087) 
  (-4.839230714787273) (1.995885456609622) (8.784471637446904) ]

(0,165) x (0,2)
[ (1,0) (1,1) (-1,-1) 
  (2,0) (2,1) (-1,-1) 
  (3,0) (3,1) (-1,-1) 
  (4,0) (4,1) (-1,-1) 
  (5,0) (5,1) (-1,-1) 
  (6,0) (6,1) (-1,-1) 
  (7,0) (7,1) (-1,-1) 
  (8,0) (8,1) (-1,-1) 
  (9,0) (9,1) (-1,-1) 
  (10,1) (10,0) (-1,-1) 
  (11,0) (11,1) (-1,-1) 
  (12,0) (12,1) (-1,-1) 
  (13,0) (13,1) (-1,-1) 
  (14,0) (14,1) (-1,-1) 
  (15,0) (15,1) (-1,-1) 
  (16,0) (16,1) (-1,-1) 
  (17,0) (17,1) (-1,-1) 
  (18,0) (18,1) (-1,-1) 
  (19,0) (19,1) (-1,-1) 
  (20,1) (20,0) (-1,-1) 
  (21,0) (21,1) (-1,-1) 
  (22,0) (22,1) (-1,-1) 
  (23,0) (23,1) (-1,-1) 
  (24,0) (24,1) (-1,-1) 
  (25,1) (25,0) (-1,-1) 
  (26,0) (26,1) (-1,-1) 
  (27,0) (27,1) (-1,-1) 
  (28,0) (28,1) (-1,-1) 
  (29,0) (29,1) (-1,-1) 
  (30,0) (30,1) (-1,-1) 
  (31,0) (31,1) (-1,-1) 
  (32,0) (32,1) (-1,-1) 
  (33,0) (33,1) (-1,-1) 
  (34,0) (34,1) (-1,-1) 
  (35,0) (35,1) (-1,-1) 
  (36,1) (36,0) (-1,-1) 
  (37,0) (37,1) (-1,-1) 
  (38,0) (38,1) (-1,-1) 
  (39,0) (39,1) (-1,-1) 
  (40,0) (40,1) (-1,-1) 
  (41,0) (41,1) (-1,-1) 
  (42,0) (42,1) (-1,-1) 
  (43,0) (43,1) (-1,-1) 
  (44,0) (44,1) (-1,-1) 
  (45,0) (45,1) (-1,-1) 
  (46,0) (46,1) (-1,-1) 
  (47,1) (47,0) (-1,-1) 
  (48,0) (48,1) (-1,-1) 
  (49,0) (49,1) (-1,-1) 
  (50,0) (50,1) (-1,-1) 
  (51,0) (51,1) (-1,-1) 
  (52,0) (52,1) (-1,-1) 
  (53,0) (53,1) (-1,-1) 
  (54,0) (54,1) (-1,-1) 
  (55,0) (55,1) (-1,-1) 
  (56,0) (56,1) (-1,-1) 
  (57,0) (57,1) (-1,-1) 
  (58,0) (58,1) (-1,-1) 
  (59,0) (59,1) (-1,-1) 
  (60,0) (60,1) (-1,-1) 
  (61,0) (61,1) (-1,-1) 
  (62,1) (62,0) (-1,-1) 
  (63,0) (63,1) (-1,-1) 
  (64,0) (64,1) (-1,-1) 
  (65,0) (65,1) (-1,-1) 
  (66,0) (66,1) (-1,-1) 
  (67,0) (67,1) (-1,-1) 
  (68,0) (68,1) (-1,-1) 
  (69,0) (69,1) (-1,-1) 
  (70,0) (70,1) (-1,-1) 
  (71,0) (71,1) (-1,-1) 
  (72,1) (72,0) (-1,-1) 
  (73,0) (73,1) (-1,-1) 
  (74,0) (74,1) (-1,-1) 
  (75,0) (75,1) (-1,-1) 
  (76,0) (76,1) (-1,-1) 
  (77,0) (77,1) (-1,-1) 
  (78,1) (78,0) (-1,-1) 
  (79,0) (79,1) (-1,-1) 
  (80,0) (80,1) (-1,-1) 
  (81,0) (81,1) (-1,-1) 
  (82,0) (82,1) (-1,-1) 
  (83,0) (83,1) (-1,-1) 
  (84,0) (84,1) (-1,-1) 
  (85,0) (85,1) (-1,-1) 
  (86,0) (86,1) (-1,-1) 
  (87,0) (87,1) (-1,-1) 
  (88,0) (88,1) (-1,-1) 
  (89,0) (89,1) (-1,-1) 
  (90,0) (90,1) (-1,-1) 
  (91,0) (91,1) (-1,-1) 
  (92,0) (92,1) (-1,-1) 
  (93,0) (93,1) (-1,-1) 
  (94,0) (94,1) (-1,-1) 
  (95,0) (95,1) (-1,-1) 
  (96,0) (96,1) (-1,-1) 
  (97,0) (97,1) (-1,-1) 
  (98,0) (98,1) (-1,-1) 
  (99,0) (99,1) (-1,-1) 
  (100,0) (100,1) (-1,-1) 
  (101,0) (101,1) (-1,-1) 
  (102,0) (102,1) (-1,-1) 
  (103,0) (103,1) (-1,-1) 
  (104,0) (104,1) (-1,-1) 
  (105,1) (105,0) (-1,-1) 
  (106,0) (106,1) (-1,-1) 
  (107,0) (107,1) (-1,-1) 
  (108,1) (108,0) (-1,-1) 
  (109,0) (109,1) (-1,-1) 
  (110,0) (110,1) (-1,-1) 
  (111,0) (111,1) (-1,-1) 
  (112,0) (112,1) (-1,-1) 
  (113,0) (113,1) (-1,-1) 
  (114,0) (114,1) (-1,-1) 
  (115,1) (115,0) (-1,-1) 
  (116,0) (116,1) (-1,-1) 
  (117,0) (117,1) (-1,-1) 
  (118,0) (118,1) (-1,-1) 
  (119,0) (119,1) (-1,-1) 
  (120,0) (120,1) (-1,-1) 
  (121,0) (121,1) (-1,-1) 
  (122,0) (122,1) (-1,-1) 
  (123,0) (123,1) (-1,-1) 
  (124,0) (124,1) (-1,-1) 
  (125,0) (125,1) (-1,-1) 
  (126,0) (126,1) (-1,-1) 
  (127,0) (127,1) (-1,-1) 
  (128,0) (128,1) (-1,-1) 
  (129,0) (129,1) (-1,-1) 
  (130,1) (130,0) (-1,-1) 
  (131,1) (131,0) (-1,-1) 
  (132,0) (132,1) (-1,-1) 
  (133,0) (133,1) (-1,-1) 
  (134,0) (134,1) (-1,-1) 
  (135,0) (135,1) (-1,-1) 
  (136,0) (136,1) (-1,-1) 
  (137,1) (137,0) (-1,-1) 
  (138,0) (138,1) (-1,-1) 
  (139,0) (139,1) (-1,-1) 
  (140,0) (140,1) (-1,-1) 
  (141,0) (141,1) (-1,-1) 
  (142,0) (142,1) (-1,-1) 
  (143,0) (143,1) (-1,-1) 
  (144,0) (144,1) (-1,-1) 
  (145,0) (145,1) (-1,-1) 
  (146,0) (146,1) (-1,-1) 
  (147,0) (147,1) (-1,-1) 
  (148,0) (148,1) (-1,-1) 
  (149,0) (149,1) (-1,-1) 
  (150,0) (150,1) (-1,-1) 
  (151,0) (151,1) (-1,-1) 
  (152,0) (152,1) (-1,-1) 
  (153,0) (153,1) (-1,-1) 
  (154,0) (154,1) (-1,-1) 
  (155,0) (155,1) (-1,-1) 
  (156,0) (156,1) (-1,-1) 
  (157,0) (157,1) (-1,-1) 
  (158,0) (158,1) (-1,-1) 
  (159,0) (159,1) (-1,-1) 
  (160,0) (160,1) (-1,-1) 
  (161,0) (161,1) (-1,-1) 
  (162,0) (162,1) (-1,-1) 
  (163,0) (163,1) (-1,-1) 
  (164,0) (164,1) (-1,-1) 
  (165,0) (165,1) (-1,-1) 
  (0,0) (0,1) (-1,-1) ]

(0,165) x (0,2)
[ (165,0) (165,1) (-1,-1) 
  (0,0) (0,1) (-1,-1) 
  (1,0) (1,1) (-1,-1) 
  (2,0) (2,1) (-1,-1) 
  (3,0) (3,1) (-1,-1) 
  (4,0) (4,1) (-1,-1) 
  (5,0) (5,1) (-1,-1) 
  (6,0) (6,1) (-1,-1) 
  (7,0) (7,1) (-1,-1) 
  (8,0) (8,1) (-1,-1) 
  (9,1) (9,0) (-1,-1) 
  (10,0) (10,1) (-1,-1) 
  (11,0) (11,1) (-1,-1) 
  (12,0) (12,1) (-1,-1) 
  (13,0) (13,1) (-1,-1) 
  (14,0) (14,1) (-1,-1) 
  (15,0) (15,1) (-1,-1) 
  (16,0) (16,1) (-1,-1) 
  (17,0) (17,1) (-1,-1) 
  (18,0) (18,1) (-1,-1) 
  (19,1) (19,0) (-1,-1) 
  (20,0) (20,1) (-1,-1) 
  (21,0) (21,1) (-1,-1) 
  (22,0) (22,1) (-1,-1) 
  (23,0) (23,1) (-1,-1) 
  (24,1) (24,0) (-1,-1) 
  (25,0) (25,1) (-1,-1) 
  (26,0) (26,1) (-1,-1) 
  (27,0) (27,1) (-1,-1) 
  (28,0) (28,1) (-1,-1) 
  (29,0) (29,1) (-1,-1) 
  (30,0) (30,1) (-1,-1) 
  (31,0) (31,1) (-1,-1) 
  (32,0) (32,1) (-1,-1) 
  (33,0) (33,1) (-1,-1) 
  (34,0) (34,1) (-1,-1) 
  (35,1) (35,0) (-1,-1) 
  (36,0) (36,1) (-1,-1) 
  (37,0) (37,1) (-1,-1) 
  (38,0) (38,1) (-1,-1) 
  (39,0) (39,1) (-1,-1) 
  (40,0) (40,1) (-1,-1) 
  (41,0) (41,1) (-1,-1) 
  (42,0) (42,1) (-1,-1) 
  (43,0) (43,1) (-1,-1) 
  (44,0) (44,1) (-1,-1) 
  (45,0) (45,1) (-1,-1) 
  (46,1) (46,0) (-1,-1) 
  (47,0) (47,1) (-1,-1) 
  (48,0) (48,1) (-1,-1) 
  (49,0) (49,1) (-1,-1) 
  (50,0) (50,1) (-1,-1) 
  (51,0) (51,1) (-1,-1) 
  (52,0) (52,1) (-1,-1) 
  (53,0) (53,1) (-1,-1) 
  (54,0) (54,1) (-1,-1) 
  (55,0) (55,1) (-1,-1) 
  (56,0) (56,1) (-1,-1) 
  (57,0) (57,1) (-1,-1) 
  (58,0) (58,1) (-1,-1) 
  (59,0) (59,1) (-1,-1) 
  (60,0) (60,1) (-1,-1) 
  (61,1) (61,0) (-1,-1) 
  (62,0) (62,1) (-1,-1) 
  (63,0) (63,1) (-1,-1) 
  (64,0) (64,1) (-1,-1) 
  (65,0) (65,1) (-1,-1) 
  (66,0) (66,1) (-1,-1) 
  (67,0) (67,1) (-1,-1) 
  (68,0) (68,1) (-1,-1) 
  (69,0) (69,1) (-1,-1) 
  (70,0) (70,1) (-1,-1) 
  (71,1) (71,0) (-1,-1) 
  (72,0) (72,1) (-1,-1) 
  (73,0) (73,1) (-1,-1) 
  (74,0) (74,1) (-1,-1) 
  (75,0) (75,1) (-1,-1) 
  (76,0) (76,1) (-1,-1) 
  (77,1) (77,0) (-1,-1) 
  (78,0) (78,1) (-1,-1) 
  (79,0) (79,1) (-1,-1) 
  (80,0) (80,1) (-1,-1) 
  (81,0) (81,1) (-1,-1) 
  (82,0) (82,1) (-1,-1) 
  (83,0) (83,1) (-1,-1) 
  (84,0) (84,1) (-1,-1) 
  (85,0) (85,1) (-1,-1) 
  (86,0) (86,1) (-1,-1) 
  (87,0) (87,1) (-1,-1) 
  (88,0) (88,1) (-1,-1) 
  (89,0) (89,1) (-1,-1) 
  (90,0) (90,1) (-1,-1) 
  (91,0) (91,1) (-1,-1) 
  (92,0) (92,1) (-1,-1) 
  (93,0) (93,1) (-1,-1) 
  (94,0) (94,1) (-1,-1) 
  (95,0) (95,1) (-1,-1) 
  (96,0) (96,1) (-1,-1) 
  (97,0) (97,1) (-1,-1) 
  (98,0) (98,1) (-1,-1) 
  (99,0) (99,1) (-1,-1) 
  (100,0) (100,1) (-1,-1) 
  (101,0) (101,1) (-1,-1) 
  (102,0) (102,1) (-1,-1) 
  (103,0) (103,1) (-1,-1) 
  (104,1) (104,0) (-1,-1) 
  (105,0) (105,1) (-1,-1) 
  (106,0) (106,1) (-1,-1) 
  (107,1) (107,0) (-1,-1) 
  (108,0) (108,1) (-1,-1) 
  (109,0) (109,1) (-1,-1) 
  (110,0) (110,1) (-1,-1) 
  (111,0) (111,1) (-1,-1) 
  (112,0) (112,1) (-1,-1) 
  (113,0) (113,1) (-1,-1) 
  (114,1) (114,0) (-1,-1) 
  (115,0) (115,1) (-1,-1) 
  (116,0) (116,1) (-1,-1) 
  (117,0) (117,1) (-1,-1) 
  (118,0) (118,1) (-1,-1) 
  (119,0) (119,1) (-1,-1) 
  (120,0) (120,1) (-1,-1) 
  (121,0) (121,1) (-1,-1) 
  (122,0) (122,1) (-1,-1) 
  (123,0) (123,1) (-1,-1) 
  (124,0) (124,1) (-1,-1) 
  (125,0) (125,1) (-1,-1) 
  (126,0) (126,1) (-1,-1) 
  (127,0) (127,1) (-1,-1) 
  (128,0) (128,1) (-1,-1) 
  (129,1) (129,0) (-1,-1) 
  (130,1) (130,0) (-1,-1) 
  (131,0) (131,1) (-1,-1) 
  (132,0) (132,1) (-1,-1) 
  (133,0) (133,1) (-1,-1) 
  (134,0) (134,1) (-1,-1) 
  (135,0) (135,1) (-1,-1) 
  (136,1) (136,0) (-1,-1) 
  (137,0) (137,1) (-1,-1) 
  (138,0) (138,1) (-1,-1) 
  (139,0) (139,1) (-1,-1) 
  (140,0) (140,1) (-1,-1) 
  (141,0) (141,1) (-1,-1) 
  (142,0) (142,1) (-1,-1) 
  (143,0) (143,1) (-1,-1) 
  (144,0) (144,1) (-1,-1) 
  (145,0) (145,1) (-1,-1) 
  (146,0) (146,1) (-1,-1) 
  (147,0) (147,1) (-1,-1) 
  (148,0) (148,1) (-1,-1) 
  (149,0) (149,1) (-1,-1) 
  (150,0) (150,1) (-1,-1) 
  (151,0) (151,1) (-1,-1) 
  (152,0) (152,1) (-1,-1) 
  (153,0) (153,1) (-1,-1) 
  (154,0) (154,1) (-1,-1) 
  (155,0) (155,1) (-1,-1) 
  (156,0) (156,1) (-1,-1) 
  (157,0) (157,1) (-1,-1) 
  (158,0) (158,1) (-1,-1) 
  (159,0) (159,1) (-1,-1) 
  (160,0) (160,1) (-1,-1) 
  (161,0) (161,1) (-1,-1) 
  (162,0) (162,1) (-1,-1) 
  (163,0) (163,1) (-1,-1) 
  (164,0) (164,1) (-1,-1) ]

(0,165) x (0,2)
[ 1 1 0 
  1 1 0 
  1 1 0 
  1 1 0 
  1 1 0 
  1 1 0 
  1 1 0 
  1 1 0 
  1 1 0 
  1 1 0 
  1 1 0 
  1 1 0 
  1 1 0 
  1 1 0 
  1 1 0 
  1 1 0 
  1 1 0 
  1 1 0 
  1 1 0 
  1 1 0 
  1 1 0 
  1 1 0 
  1 1 0 
  1 1 0 
  1 1 0 
  1 1 0 
  1 1 0 
  1 1 0 
  1 1 0 
  1 1 0 
  1 1 0 
  1 1 0 
  1 1 0 
  1 1 0 
  1 1 0 
  1 1 0 
  1 1 0 
  1 1 0 
  1 1 0 
  1 1 0 
  1 1 0 
  1 1 0 
  1 1 0 
  1 1 0 
  1 1 0 
  1 1 0 
  1 1 0 
  1 1 0 
  1 1 0 
  1 1 0 
  1 1 0 
  1 1 0 
  1 1 0 
  1 1 0 
  1 1 0 
  1 1 0 
  1 1 0 
  1 1 0 
  1 1 0 
  1 1 0 
  1 1 0 
  1 1 0 
  1 1 0 
  1 1 0 
  1 1 0 
  1 1 0 
  1 1 0 
  1 1 0 
  1 1 0 
  1 1 0 
  1 1 0 
  1 1 0 
  1 1 0 
  1 1 0 
  1 1 0 
  1 1 0 
  1 1 0 
  1 1 0 
  1 1 0 
  1 1 0 
  1 1 0 
  1 1 0 
  1 1 0 
  1 1 0 
  1 1 0 
  1 1 0 
  1 1 0 
  1 1 0 
  1 1 0 
  1 1 0 
  1 1 0 
  1 1 0 
  1 1 0 
  1 1 0 
  1 1 0 
  1 1 0 
  1 1 0 
  1 1 0 
  1 1 0 
  1 1 0 
  1 1 0 
  1 1 0 
  1 1 0 
  1 1 0 
  1 1 0 
  1 1 0 
  1 1 0 
  1 1 0 
  1 1 0 
  1 1 0 
  1 1 0 
  1 1 0 
  1 1 0 
  1 1 0 
  1 1 0 
  1 1 0 
  1 1 0 
  1 1 0 
  1 1 0 
  1 1 0 
  1 1 0 
  1 1 0 
  1 1 0 
  1 1 0 
  1 1 0 
  1 1 0 
  1 1 0 
  1 1 0 
  1 1 0 
  1 1 0 
  1 1 0 
  1 1 0 
  1 1 0 
  1 1 0 
  1 1 0 
  1 1 0 
  1 1 0 
  1 1 0 
  1 1 0 
  1 1 0 
  1 1 0 
  1 1 0 
  1 1 0 
  1 1 0 
  1 1 0 
  1 1 0 
  1 1 0 
  1 1 0 
  1 1 0 
  1 1 0 
  1 1 0 
  1 1 0 
  1 1 0 
  1 1 0 
  1 1 0 
  1 1 0 
  1 1 0 
  1 1 0 
  1 1 0 
  1 1 0 
  1 1 0 
  1 1 0 
  1 1 0 
  1 1 0 
  1 1 0 
  1 1 0 ]

2959516545 2133796704 1383248065 920526025 2845452644 2126700496 525421025 2483019778 644847504 141277387 251449318 2927798352 2893700883 2189753507 2030488173 716737264 4156778758 1427952219 609778480 1076473749 3696247883 2012324179 482136255 3631039812 3721556832 1445593024 308566950 3420427046 682236323 1912425705 655202372 936048249 1456064432 3733805621 1155088753 3671584875 736490887 673693368 3235744233 518849783 3327504895 3153078333 2412984340 1289472328 1546785826 1300650921 1811169138 2412374242 3306730422 2538618839 731849456 160403759 1389648467 2787811077 3225280637 1748242 378361745 3019468802 4102682122 3377750943 1334085672 4224164828 1726469267 942168765 2043489778 3577479646 2344573949 1535855543 3237990766 1490735062 3963739185 1618514838 418078364 2297669370 1916624571 1208662852 2865328717 4164703317 1469222943 2815431443 645550224 1436313268 4058108165 2869044768 3083851808 3225513156 2360759468 4145265717 3523391401 2769310897 423365399 4037259138 4033729844 3667220940 1722518818 865967976 707446794 1920227664 1101711516 3826521874 7118648 3657167278 3295792744 2543412641 2932119226 3775301727 240429870 1708320398 1354621137 3364174911 1252699032 406778561 1392028132 3915033719 3018566756 418517179 3777029567 3719347828 785777637 425706697 4193876161 2103559156 1573568465 3371402530 2260233347 3110965113 3922618192 2004681288 3116163842 3278546337 341159532 3552578279 4160418111 850678891 2318019012 2482297174 1059701888 1845354999 1380224564 2522738557 1610818486 1309707419 1400383002 588124375 3098305237 2804664569 4178558481 3678072996 3960395485 3442862588 983283211 3598175408 4010567040 4142091279 2433012960 1457553276 866463498 3956213937 1784415448 267323188 1051619201 2423712708 4088605177 2949563074 656155791 3792661945 2787365492 2475695638 3060043785 2465163383 612842268 2196992630 126408144 3881296487 3988368239 2676988782 153427383 1840807754 3980508656 1070776904 3884814976 1539344834 2919207087 2615557543 4201335399 4127594500 149736109 3215461876 3867459705 509592554 3871292809 737811879 2134219257 3016644207 2609200349 1550349656 2885168799 691018232 3216315988 3150566298 1075689995 3745025549 1163044716 3256267827 2837502999 219640550 723471249 1464312084 2779530551 3960527344 3862660159 2580581271 1964167809 1773148584 1864675016 3281175407 867865180 136321564 3563926880 3395442387 562583608 819292463 3670142139 3608451598 3966922734 4272126275 1003702701 3866217508 2035833125 3264947387 1636854072 2588168855 1610794200 2898388752 2723710511 1193923314 1301401184 2027208145 2594017815 522184623 909664800 3903653571 3093507643 4273329928 3415206688 1021044350 684170867 3033307468 405271953 1168068887 3855061605 30083071 2269139774 4008725807 2647046705 810826471 3504958408 1934230934 353985046 3379061702 4186623566 1731020553 3460188792 3143356297 1473254666 447253559 1242876998 2732491077 3119070779 2628229009 3022770911 263415789 1418548235 3126669971 727837551 1663977512 654243270 2137060375 3913769162 2757050627 1921611802 3282349563 2507046500 2202459678 756678968 1864435056 1632073474 4273161280 13535014 3861151462 600016599 1794487664 3094265229 2137748688 364381338 1109647200 3320345595 1982067776 234152743 3740693958 1081724020 3439796544 1580661996 1100686912 2938901137 3081851288 4145483465 2452953446 3993727181 4063190048 194205891 873042215 322993441 43180560 1236193074 2733848198 4041387440 1488443065 447917715 2881087492 1002119307 3677774428 4151384729 2113863219 898986669 2705145633 3783964602 1299721932 774332333 2822265887 3065592133 1176831899 2872475532 309470682 3551821516 3477342062 692764646 1969420465 2929316170 2173942867 464142603 2134368413 3340852150 3312908894 3664519604 2579673059 4077433106 2126594023 2294197435 1464190613 4153617043 2709211351 285505181 146096269 3691057742 3100543452 2493129377 1721785 3364103059 2506476648 2415502937 518759749 4087485435 2584051985 243675125 1605940159 2045328423 674911282 3213987302 1060086377 1652331011 376734659 273670712 3418692192 1869022179 3954191702 3747778696 3490642429 943059444 4284235322 612386549 3459418240 3170479824 72547076 3796150966 4162689538 2364221725 2961342832 215104431 618372736 1498571615 2968033791 1582895298 485684102 2545237729 1031811737 2196620399 2450870441 5330165 2737988251 3519000197 3212661692 4120915900 1801416079 834603263 3782738987 1061101856 2276662264 3904481834 1927082339 288618267 1254928369 2618211455 3840046334 2207455015 1849446256 1710908437 985177966 1796055163 2688585965 3468381721 3825962020 3871296880 3338226620 52384297 2964987967 3106053958 2321134588 4042329272 3158101630 501032410 1122306011 207584092 1239100980 1479448108 2166942125 3916151879 3847584607 1628494742 1042922337 978848403 3855449963 2040896433 1279974501 3459841007 1531606587 3021865114 2774619851 3640531002 3383704522 3613148924 2829430822 3305824239 2065281065 3029308031 226551479 1207647570 1613407648 3030422592 456641580 2738127624 1930294449 3752967432 3672228712 29035878 3741860390 2705655287 827632831 1430862844 2779590899 2394749530 4168389988 2711470725 2071789272 125770119 4277864099 22081189 1716620679 1317091606 1839160862 442338271 3491615437 3235550957 125235074 3048989299 34290011 1368792538 3318606450 4133084759 3113384108 2195655780 560222417 3983987860 4131824629 2004889397 2757564306 4284795250 117843499 1189716321 2879890752 1088106320 4055184234 986882953 3126990389 2661136445 2956475546 2468462935 1706822502 3217184781 4142209747 3341086848 2326751094 3215859346 1821647415 4068419881 2607233159 642571089 132269258 319216106 1163131697 2366286296 2934256821 507837678 440146272 28231339 1541434577 1323784589 2149012982 1858696858 3528163775 2016940628 428415388 4030344062 871893465 2477011252 3048132329 3934634458 2433302551 112936361 225847078 3707102231 2673404373 2506124488 3278086387 1458926415 3409597472 3777257795 2200532009 3914484130 726954640 2718515090 3033545509 3400431713 3347196135 532025144 2318477364 2423910598 4136712285 776286621 3433052806 539791528 3597780472 2282482539 3431713619 1187598476 2144153025 4181468750 2938986128 1778695244 3155639524 3127913351 1082361220 3451650849 2990300909 3602475329 280432868 3947885044 4110266881 117834463 348190463 2200649518 2079292892 677777955 3574405399 26094343 1953626205 3267239852 2781587181 4040499570 2188866520 3455791445 2965980113 2200108203 3186297212 1778882066 3411574203 3875020439 2355759813 2727621548 1488549874 3677684915 2833266224 357308667 3355250163 2880870822 822609132 2775573465 1024891483 1017040857 3634655457 3462016076 2594224209 1506919050 3828925669 1733753213 3475957651 3876428872 565656002 1782356323 2867171985 2751296895 1523534925 3333273310 64365936 69 
