3
       341003221	       934533367
         9229647	         9246314
       196069786	       196340954
         2427138	       270756857
         2429079	         2429182
        16977707	       271572138
        16975766	        16975766
        21711906	        27303320
        21719121	        22227678
        21726109	        22235138
        21714349	        27308059
         5009814	        34070570
         5012799	        34067391
         5000000	        10340588
         5000000	        10340588
(0,89) x (0,2)
[ (0.07681761940343393) (-2.142567391761364) (0.2853252575512332) 
  (0.0545205152611037) (-2.181989603008681) (0.0545205152611037) 
  (0.05643533544239324) (-2.205205658819399) (0.05643533544239324) 
  (0.09957158421890837) (-2.187440557878717) (0.09957158421890837) 
  (0.1224961337187658) (-2.134769764690279) (0.1224961337187658) 
  (-2.131651537882579) (0.1469956631098281) (0.1469956631098281) 
  (-2.123027705947013) (0.111463836624428) (0.111463836624428) 
  (-2.11608366650058) (0.0801065907913063) (0.0801065907913063) 
  (-2.129572375291279) (0.1129612694600426) (0.1129612694600426) 
  (-2.107606391468562) (0.1204393026828477) (0.1204393026828477) 
  (-2.019489970518928) (0.1537689996409971) (0.1537689996409971) 
  (-1.948629079562464) (0.157024056923463) (0.157024056923463) 
  (-1.867875836129823) (0.1370363807932776) (0.1370363807932776) 
  (-1.824221205123464) (0.1543866809912831) (0.1543866809912831) 
  (-1.788809456763067) (0.1868891484484259) (0.1868891484484259) 
  (-1.765557516177234) (0.2472646884373452) (0.2472646884373452) 
  (-1.742616030167209) (0.2115916166738971) (9.645185535773635) 
  (-1.830639912502845) (0.1438341601605188) (0.6778510626535358) 
  (-1.789752590639341) (0.1163366080422679) (-2.022447256910251) 
  (-1.783781523124436) (0.2035435113404994) (-2.051309322754181) 
  (-1.775196607152358) (0.2436606951844308) (-4.825546573847532) 
  (-1.762264595716447) (0.2871564878759704) (-4.774907448332149) 
  (-1.788146419687121) (0.3066942999366759) (-4.747767638977304) 
  (-1.789708536977023) (0.3638958411009788) (-4.713008193650411) 
  (-1.846157817770395) (0.3332285610238047) (-4.720872789257986) 
  (-1.784755246994608) (0.3263771934105709) (-4.718942407973395) 
  (-1.795284293362597) (0.3693130209764046) (-4.680041431629914) 
  (-1.824663160927643) (0.4332622657022579) (-4.619801578636376) 
  (-1.856406074055309) (0.41212644669703) (-4.589791599784278) 
  (-1.792037086099827) (0.4428326003728435) (-4.589707244977545) 
  (-1.839766029618006) (0.3838690445193356) (-4.619514090930622) 
  (-1.807332841414952) (0.3704012673694253) (0.09272471683628417) 
  (-1.836696857712861) (0.4196696897224154) (0.1837136020116693) 
  (-1.839606293101864) (0.3704475668529156) (0.1647553679334657) 
  (-1.881947570418904) (0.4351182575081566) (2.547676688991487) 
  (-1.872081296941811) (0.3754258238591393) (2.438127540392983) 
  (-1.835457299116487) (0.334687492916845) (3.871876217261355) 
  (-1.781662370994144) (0.3645899512445057) (-0.8353695675567874) 
  (-1.849971057972263) (0.3672970060649546) (3.998926491476595) 
  (-1.897348320916975) (0.3239883042461582) (3.938552583815064) 
  (-1.883343358705355) (0.321035143574662) (1.454408667050302) 
  (-1.812891694185004) (0.3778539913634954) (-5.430878029090621) 
  (-1.763923919360233) (0.3414384758546044) (-5.400257662301192) 
  (-1.818532150559688) (0.3055746583583398) (-8.871503552671225) 
  (-1.822953170341022) (0.4099077259257479) (4.459520732052624) 
  (-1.855075690172302) (0.4246834593295848) (4.387267235815677) 
  (-1.816928563103063) (0.4741472459064088) (-2.302013882435858) 
  (-1.905396952433056) (0.4113920098959431) (-2.267443162169953) 
  (-1.896760675872338) (0.4047339552941083) (-2.252742635861123) 
  (-1.888670671475356) (0.4400018175355094) (-2.229435077949493) 
  (-1.916805481699076) (0.3722703115921132) (4.247933514416218) 
  (-1.995917854663491) (0.3731521241699614) (4.31684144946687) 
  (-1.974075488658402) (0.24311757034077) (4.256714681579131) 
  (-2.038987857147975) (0.2406815656266494) (4.283877849982829) 
  (-1.913821172834552) (0.2470314641581727) (0.2826451974364031) 
  (-1.920974760284685) (0.2024418377187447) (0.2405466572298779) 
  (-1.937584341578614) (0.1453849947118567) (0.254980117441829) 
  (-1.978716220673798) (0.1967240283811619) (0.2992386013499647) 
  (-2.00409729035522) (0.2604032349317342) (0.2508659145832312) 
  (-1.95349534425754) (0.2378024785115112) (0.2711591587296836) 
  (-1.962739236580755) (0.2090934727713894) (0.2418105271608183) 
  (-1.99655530621658) (0.1787949901118048) (0.2981349376072853) 
  (-2.059921055478824) (0.172590720948026) (0.006912030813633389) 
  (-2.125614176574612) (0.1491281727943728) (-0.02429787149733315) 
  (-2.128205649531331) (0.1271771432507176) (0.1271771432507176) 
  (-2.120724615935471) (0.123040303579433) (0.123040303579433) 
  (-2.121947573084131) (0.1328388086149058) (0.1328388086149058) 
  (-2.173899046388714) (0.1971889831046789) (0.1971889831046789) 
  (-2.20358347249068) (0.2022390261194895) (-0.03387752900059039) 
  (-2.205176776403368) (0.2057357941065243) (-0.07518398350075657) 
  (-2.155145381209703) (0.2844938866006618) (0.01914704286314381) 
  (-2.127749828526107) (0.3433484523585484) (0.07539699803838824) 
  (-2.228821593519336) (0.3395876498005864) (0.04406558272007558) 
  (-2.136635116183639) (0.3706366795221313) (-0.005728686153561155) 
  (-2.107281193117612) (0.2790236734744757) (-0.02011733825424501) 
  (-2.132048305651972) (0.3521880381409495) (0.3521880381409495) 
  (-2.133849044145953) (0.3497394052497189) (0.3497394052497189) 
  (-2.165797278797433) (0.3129683827849374) (0.3129683827849374) 
  (-2.135249458865383) (0.346156835599666) (0.346156835599666) 
  (-2.187838973319519) (0.305232131811804) (0.305232131811804) 
  (-2.271067633871007) (0.3131766560236254) (0.2998309168628298) 
  (-2.197020245144107) (0.324806839382924) (0.324806839382924) 
  (-2.215253190887446) (0.1546109392386598) (0.1546109392386598) 
  (-2.225466730772387) (0.2039013470720663) (0.1145482157333775) 
  (-2.177545955421178) (0.1246517939712355) (0.1030043553758652) 
  (-2.263526772392273) (0.1157168060822783) (0.09939230493914576) 
  (0.08142995330135913) (-2.236101567799803) (0.1959099879140987) 
  (0.1151299218044991) (-2.200907287339774) (0.1881398365764188) 
  (0.1428566533442699) (-2.169445887983914) (0.2018281690364387) 
  (0.1048559806544167) (-2.155869490443949) (0.242554401669856) ]

(0,89) x (0,2)
[ (1,0) (1,1) (-1,-1) 
  (2,0) (2,1) (-1,-1) 
  (3,0) (3,1) (-1,-1) 
  (4,0) (4,1) (-1,-1) 
  (5,1) (5,0) (-1,-1) 
  (6,0) (6,1) (-1,-1) 
  (7,0) (7,1) (-1,-1) 
  (8,0) (8,1) (-1,-1) 
  (9,0) (9,1) (-1,-1) 
  (10,0) (10,1) (-1,-1) 
  (11,0) (11,1) (-1,-1) 
  (12,0) (12,1) (-1,-1) 
  (13,0) (13,1) (-1,-1) 
  (14,0) (14,1) (-1,-1) 
  (15,0) (15,1) (-1,-1) 
  (16,0) (16,1) (-1,-1) 
  (17,0) (17,1) (-1,-1) 
  (18,0) (18,1) (-1,-1) 
  (19,0) (19,1) (-1,-1) 
  (20,0) (20,1) (-1,-1) 
  (21,0) (21,1) (-1,-1) 
  (22,0) (22,1) (-1,-1) 
  (23,0) (23,1) (-1,-1) 
  (24,0) (24,1) (-1,-1) 
  (25,0) (25,1) (-1,-1) 
  (26,0) (26,1) (-1,-1) 
  (27,0) (27,1) (-1,-1) 
  (28,0) (28,1) (-1,-1) 
  (29,0) (29,1) (-1,-1) 
  (30,0) (30,1) (-1,-1) 
  (31,0) (31,1) (-1,-1) 
  (32,0) (32,1) (-1,-1) 
  (33,0) (33,1) (-1,-1) 
  (34,0) (34,1) (-1,-1) 
  (35,0) (35,1) (-1,-1) 
  (36,0) (36,1) (-1,-1) 
  (37,0) (37,1) (-1,-1) 
  (38,0) (38,1) (-1,-1) 
  (39,0) (39,1) (-1,-1) 
  (40,0) (40,1) (-1,-1) 
  (41,0) (41,1) (-1,-1) 
  (42,0) (42,1) (-1,-1) 
  (43,0) (43,1) (-1,-1) 
  (44,0) (44,1) (-1,-1) 
  (45,0) (45,1) (-1,-1) 
  (46,0) (46,1) (-1,-1) 
  (47,0) (47,1) (-1,-1) 
  (48,0) (48,1) (-1,-1) 
  (49,0) (49,1) (-1,-1) 
  (50,0) (50,1) (-1,-1) 
  (51,0) (51,1) (-1,-1) 
  (52,0) (52,1) (-1,-1) 
  (53,0) (53,1) (-1,-1) 
  (54,0) (54,1) (-1,-1) 
  (55,0) (55,1) (-1,-1) 
  (56,0) (56,1) (-1,-1) 
  (57,0) (57,1) (-1,-1) 
  (58,0) (58,1) (-1,-1) 
  (59,0) (59,1) (-1,-1) 
  (60,0) (60,1) (-1,-1) 
  (61,0) (61,1) (-1,-1) 
  (62,0) (62,1) (-1,-1) 
  (63,0) (63,1) (-1,-1) 
  (64,0) (64,1) (-1,-1) 
  (65,0) (65,1) (-1,-1) 
  (66,0) (66,1) (-1,-1) 
  (67,0) (67,1) (-1,-1) 
  (68,0) (68,1) (-1,-1) 
  (69,0) (69,1) (-1,-1) 
  (70,0) (70,1) (-1,-1) 
  (71,0) (71,1) (-1,-1) 
  (72,0) (72,1) (-1,-1) 
  (73,0) (73,1) (-1,-1) 
  (74,0) (74,1) (-1,-1) 
  (75,0) (75,1) (-1,-1) 
  (76,0) (76,1) (-1,-1) 
  (77,0) (77,1) (-1,-1) 
  (78,0) (78,1) (-1,-1) 
  (79,0) (79,1) (-1,-1) 
  (80,0) (80,1) (-1,-1) 
  (81,0) (81,1) (-1,-1) 
  (82,0) (82,1) (-1,-1) 
  (83,0) (83,1) (-1,-1) 
  (84,0) (84,1) (-1,-1) 
  (85,0) (85,1) (-1,-1) 
  (86,1) (86,0) (-1,-1) 
  (87,0) (87,1) (-1,-1) 
  (88,0) (88,1) (-1,-1) 
  (89,0) (89,1) (-1,-1) 
  (0,0) (0,1) (-1,-1) ]

(0,89) x (0,2)
[ (89,0) (89,1) (-1,-1) 
  (0,0) (0,1) (-1,-1) 
  (1,0) (1,1) (-1,-1) 
  (2,0) (2,1) (-1,-1) 
  (3,0) (3,1) (-1,-1) 
  (4,1) (4,0) (-1,-1) 
  (5,0) (5,1) (-1,-1) 
  (6,0) (6,1) (-1,-1) 
  (7,0) (7,1) (-1,-1) 
  (8,0) (8,1) (-1,-1) 
  (9,0) (9,1) (-1,-1) 
  (10,0) (10,1) (-1,-1) 
  (11,0) (11,1) (-1,-1) 
  (12,0) (12,1) (-1,-1) 
  (13,0) (13,1) (-1,-1) 
  (14,0) (14,1) (-1,-1) 
  (15,0) (15,1) (-1,-1) 
  (16,0) (16,1) (-1,-1) 
  (17,0) (17,1) (-1,-1) 
  (18,0) (18,1) (-1,-1) 
  (19,0) (19,1) (-1,-1) 
  (20,0) (20,1) (-1,-1) 
  (21,0) (21,1) (-1,-1) 
  (22,0) (22,1) (-1,-1) 
  (23,0) (23,1) (-1,-1) 
  (24,0) (24,1) (-1,-1) 
  (25,0) (25,1) (-1,-1) 
  (26,0) (26,1) (-1,-1) 
  (27,0) (27,1) (-1,-1) 
  (28,0) (28,1) (-1,-1) 
  (29,0) (29,1) (-1,-1) 
  (30,0) (30,1) (-1,-1) 
  (31,0) (31,1) (-1,-1) 
  (32,0) (32,1) (-1,-1) 
  (33,0) (33,1) (-1,-1) 
  (34,0) (34,1) (-1,-1) 
  (35,0) (35,1) (-1,-1) 
  (36,0) (36,1) (-1,-1) 
  (37,0) (37,1) (-1,-1) 
  (38,0) (38,1) (-1,-1) 
  (39,0) (39,1) (-1,-1) 
  (40,0) (40,1) (-1,-1) 
  (41,0) (41,1) (-1,-1) 
  (42,0) (42,1) (-1,-1) 
  (43,0) (43,1) (-1,-1) 
  (44,0) (44,1) (-1,-1) 
  (45,0) (45,1) (-1,-1) 
  (46,0) (46,1) (-1,-1) 
  (47,0) (47,1) (-1,-1) 
  (48,0) (48,1) (-1,-1) 
  (49,0) (49,1) (-1,-1) 
  (50,0) (50,1) (-1,-1) 
  (51,0) (51,1) (-1,-1) 
  (52,0) (52,1) (-1,-1) 
  (53,0) (53,1) (-1,-1) 
  (54,0) (54,1) (-1,-1) 
  (55,0) (55,1) (-1,-1) 
  (56,0) (56,1) (-1,-1) 
  (57,0) (57,1) (-1,-1) 
  (58,0) (58,1) (-1,-1) 
  (59,0) (59,1) (-1,-1) 
  (60,0) (60,1) (-1,-1) 
  (61,0) (61,1) (-1,-1) 
  (62,0) (62,1) (-1,-1) 
  (63,0) (63,1) (-1,-1) 
  (64,0) (64,1) (-1,-1) 
  (65,0) (65,1) (-1,-1) 
  (66,0) (66,1) (-1,-1) 
  (67,0) (67,1) (-1,-1) 
  (68,0) (68,1) (-1,-1) 
  (69,0) (69,1) (-1,-1) 
  (70,0) (70,1) (-1,-1) 
  (71,0) (71,1) (-1,-1) 
  (72,0) (72,1) (-1,-1) 
  (73,0) (73,1) (-1,-1) 
  (74,0) (74,1) (-1,-1) 
  (75,0) (75,1) (-1,-1) 
  (76,0) (76,1) (-1,-1) 
  (77,0) (77,1) (-1,-1) 
  (78,0) (78,1) (-1,-1) 
  (79,0) (79,1) (-1,-1) 
  (80,0) (80,1) (-1,-1) 
  (81,0) (81,1) (-1,-1) 
  (82,0) (82,1) (-1,-1) 
  (83,0) (83,1) (-1,-1) 
  (84,0) (84,1) (-1,-1) 
  (85,1) (85,0) (-1,-1) 
  (86,0) (86,1) (-1,-1) 
  (87,0) (87,1) (-1,-1) 
  (88,0) (88,1) (-1,-1) ]

(0,89) x (0,2)
[ 1 1 0 
  1 1 0 
  1 1 0 
  1 1 0 
  1 1 0 
  1 1 0 
  1 1 0 
  1 1 0 
  1 1 0 
  1 1 0 
  1 1 0 
  1 1 0 
  1 1 0 
  1 1 0 
  1 1 0 
  1 1 0 
  1 1 0 
  1 1 0 
  1 1 0 
  1 1 0 
  1 1 0 
  1 1 0 
  1 1 0 
  1 1 0 
  1 1 0 
  1 1 0 
  1 1 0 
  1 1 0 
  1 1 0 
  1 1 0 
  1 1 0 
  1 1 0 
  1 1 0 
  1 1 0 
  1 1 0 
  1 1 0 
  1 1 0 
  1 1 0 
  1 1 0 
  1 1 0 
  1 1 0 
  1 1 0 
  1 1 0 
  1 1 0 
  1 1 0 
  1 1 0 
  1 1 0 
  1 1 0 
  1 1 0 
  1 1 0 
  1 1 0 
  1 1 0 
  1 1 0 
  1 1 0 
  1 1 0 
  1 1 0 
  1 1 0 
  1 1 0 
  1 1 0 
  1 1 0 
  1 1 0 
  1 1 0 
  1 1 0 
  1 1 0 
  1 1 0 
  1 1 0 
  1 1 0 
  1 1 0 
  1 1 0 
  1 1 0 
  1 1 0 
  1 1 0 
  1 1 0 
  1 1 0 
  1 1 0 
  1 1 0 
  1 1 0 
  1 1 0 
  1 1 0 
  1 1 0 
  1 1 0 
  1 1 0 
  1 1 0 
  1 1 0 
  1 1 0 
  1 1 0 
  1 1 0 
  1 1 0 
  1 1 0 
  1 1 0 ]

491135547 3692814081 1995790216 2224450332 3768487109 2142308838 1380454229 406050630 969118681 2951490230 962643400 2641282819 3072628377 369157342 676489179 155728993 818793190 3707088003 4058644742 76425152 2323654783 2307808563 4177549870 3085329854 2394880020 1628681364 3381312919 1390270341 352786292 490722735 3746813514 4140215633 3690794351 1625861249 2302956545 4012719461 3852774831 2370515714 3246383384 3681078712 535770076 1851232089 1862683311 2125806225 3948146350 2088742519 2925492364 3151364458 3548094462 2906063557 48748724 1332615976 3707972503 4267261602 3635071515 3910308287 3578703637 1789394365 1352393416 887619171 424932798 3643737588 3418197589 3196897862 298894848 2113668369 182046641 2799694038 3383950095 903349735 3222479817 2516563976 3004160225 1143311419 968003892 3468880018 3398938913 2347343256 437386072 1437647099 1707329337 3645799599 1041164275 3611014575 4181553965 1489311418 36500374 433191193 3054733313 4106407869 219538030 245345823 514437682 166765615 1694779898 3549650699 1342697464 434811977 2497517807 2553629359 2258235481 3436365264 4045288402 3759895519 3565420591 678832260 3147626567 1289765810 2780093221 2478027967 1930942877 2035209057 4201866933 150961153 3322343282 585667454 1241451923 2903307903 2242980571 1174433601 2544502657 815645003 2882989458 144945474 2484343332 3351216152 3270929858 731247352 851235602 1302851948 984274693 2600202693 466648874 4189955711 3585961181 3561390351 3942169906 35725321 2116639352 3370712463 3523222043 842733114 2486470311 3918163225 2444969710 1633224254 478087303 2394732676 2852419879 3022939441 3604851478 2071341331 129444215 1707217642 4083603155 2128203549 728857122 1176028084 4008306658 3872425531 2393313299 2251467898 2539371216 2588020472 3346911104 2917702557 1226244413 331040482 1916579278 391374288 1912304021 685637343 1617217582 2296281785 2308502904 2815676166 4257406480 3089448516 471046451 2928149867 4168202876 3277666573 3891817689 3273825964 3748200840 3539865354 3870240881 1164755598 3584205076 2048695516 3185821896 190166777 1972855149 3196589637 3257026290 1670866979 3115000098 598027784 953839443 4052663075 1220088554 2060652704 2517026735 601921495 1829367082 3772653520 2446657184 3336599932 1461682626 242119264 2189714675 1458046751 4248040813 1988042490 855244266 1116026460 93821216 2975038735 1167984920 1745226898 3595969310 56053660 1367455848 401375409 2012639372 3158743241 1100790779 52106664 699909925 2223694087 1854928113 3955302463 2525674016 922298581 585497840 819267597 1326541484 1147666440 1582473367 2588322494 2964794225 4237834279 3374828682 2312370887 2332266694 1210814336 4044787471 3405273045 550696461 2523710446 2778719171 426092339 3050704832 1098736946 4281250528 983912707 990682597 4104562727 489889974 3121398573 3186156220 3921039692 1778738823 3261744034 2750725871 1139504419 2688982854 2129921849 1078738547 2494820580 689314393 1161920674 2247500769 131788938 3963773058 3233095998 880347987 2542272089 3453072281 1969262310 2289472042 1820196389 4105008441 3897155457 2957589850 422636983 1646727848 1910731144 479491539 2775106 1127421363 483927019 2810488830 3475507412 3575416347 2025841097 3332216924 2526289994 2289136661 536846926 1006023097 2264225061 4047372765 257841850 371687843 339282827 1771747262 3051118595 3513207625 1222182786 4225047910 3471226844 1961749428 2762540629 4016734063 367192796 631474727 471148016 3410162914 2595871701 223839034 1915134562 283096846 1773130009 2177811457 2989020751 2857388227 714644886 2238950949 3997855270 3696338144 2332433626 3886158252 474599459 4143816981 2447100112 2875701337 48648853 2833722596 1939601891 357036 1461181666 2730663816 2412064581 1209144689 4108439726 3822687322 1504128385 4291439210 1059923436 1223056499 3790372109 3047956218 2707143905 3721172268 692739939 841109885 2357063721 3967987098 2912021459 3860198827 3530106370 3909732988 3257627960 2987823677 3922085988 1470331682 3109648449 1868128160 2880151290 2709458429 345771223 1428114072 710126181 2594950922 2401543657 36695082 1121213348 635477676 4018634338 3316699994 2504457638 2890204206 3730161970 3703253620 1523456901 1850925896 1885235268 1330925278 1955790782 3541011804 480436610 3368768961 1455311113 1119451059 3093478391 398318542 1913395011 1295789012 2321791853 1173934949 2057417256 349331865 2219797319 1144268944 3200624451 1696739962 414563761 2570499427 3606079446 378062820 2614795444 1975234694 3406672102 2412881108 4252504433 2196526131 2315329984 3484599794 16857761 3420065574 219261271 2157959852 1930135074 2850607615 3754725407 678162654 2766574473 4105197745 1285479230 2477848172 3272398544 2705588775 2164737363 3732290901 1222619664 1197450107 1290701842 1373218190 1582642820 4028738343 3842164605 3264554069 3580673385 785626987 3517036748 3170664304 625596225 1181702306 3814161675 3372877276 1752502750 1506819569 1706419955 1808205212 1787870274 4064349281 1687918404 2368793356 622687148 1129655683 4111837019 2064958516 1278428938 816715577 220889554 3371043470 2583310113 3753376685 4167562666 4160347121 1104668000 3691743383 1837102637 2974643807 2601908558 2427400698 3465049428 1223591946 2745630573 661266222 2633300091 387214986 3504447958 3258354396 596102806 698890583 878295565 4006285654 1704815327 3512439395 2432473988 2326842358 691421491 1724172897 4268994311 1610436514 2925780131 1654647274 3959046600 1120330508 1874001627 2410461207 2022165241 1353879407 110317234 2915097325 226961774 1344234943 1343688693 3506724239 1350390956 4143071096 3160638186 3716336017 2941257586 3282092117 3216202062 2229272422 1695592246 3524814027 2592104987 2987167 2283511526 3685291785 2071213482 2209542140 3752363448 4266358273 776663755 873445083 1543212286 4056742402 1717754540 1695136897 1947204182 3264662989 589083172 3061099412 1592841368 3259107225 2198257879 3320498894 135533434 1190260545 2570272114 1180635543 2024216526 329700575 4091868932 3245703308 966108957 2972660649 1293684482 1829529692 2758194641 316799761 976542250 2744005683 2571786246 4121230800 2561797361 2873192819 4110400043 2539187636 1466217706 1889467355 2749638761 2435547589 3178446588 1896801847 3341229228 2553205063 4047441743 1307925899 3287001579 3121764166 671983968 2362528528 3245773029 3879543802 1968950856 3514364833 2810463536 827062417 4253078759 471348667 3834192481 4027757315 1712910199 3628597673 430861163 2275588325 4010697404 4270976727 488429911 3885209486 1712954790 1496653857 2520593169 2288822579 2712797167 2947166704 61849571 1122576139 1146925414 2059969651 3799050464 3698354060 3227484865 3312680702 2032375685 3722207056 2385003001 3888216399 1619831719 3464437435 2633139827 3236757413 2709496147 24891103 1613552349 1644827171 2148956684 102 
