3
       302715520	       865080786
         8094507	         8117778
       181382508	       181580956
         1158415	       257049546
         1157923	         1157930
         9711684	       257959257
         9712176	         9712176
        20406720	        23683002
        20408614	        20786085
        20405683	        20782421
        20404788	        23682957
         4939347	        30285507
         4933155	        30283171
         5000000	         9516832
         5000000	         9516832
(0,141) x (0,2)
[ (-0.6563693277261973) (1.409933452022238) (-0.5667749304359903) 
  (-0.5964038612610365) (1.388024676857843) (-0.512757206660435) 
  (-0.6123826301235484) (1.442424555771396) (-0.4934390671626833) 
  (-0.6246762241653085) (1.487132933876088) (-0.577955086484389) 
  (-0.6007573418823708) (1.550287122955722) (-0.5421701259789024) 
  (-0.6408132179175385) (1.540595148112557) (-0.5348531623689213) 
  (-0.6259836550540954) (1.521391260222745) (9.571207975968719) 
  (-0.5668449501147069) (1.559459498494685) (9.594387153501838) 
  (1.528372183683375) (-0.613275483022787) (9.532343304924989) 
  (1.528550583222931) (-0.6101156936037482) (9.569685656346557) 
  (1.525495358579131) (-0.5856048998255895) (-0.5014505516446093) 
  (1.563473444360404) (-0.5727696227060953) (-0.498431894045706) 
  (1.600828107427397) (-0.5916417515577269) (-0.5054218410538414) 
  (1.576785567005443) (-0.5247628508992639) (-0.5483125859921124) 
  (1.577889215717523) (-0.4531734858147619) (-0.5766584550221091) 
  (1.590963311020063) (-0.423778519021708) (-3.199754054726861) 
  (1.609634216653795) (-0.4622203900730679) (3.852328970097005) 
  (1.644310828491198) (-0.4283086800215054) (3.898514774405275) 
  (1.601781873494153) (-0.407048095541615) (3.849111435943158) 
  (1.576736764844848) (-0.4649339884968595) (3.872053698966162) 
  (1.597084065991828) (-0.453710763813803) (-2.071064035408199) 
  (1.603856213443659) (-0.4871500260653248) (-2.118274009264367) 
  (1.610469548615957) (-0.4396550545760466) (-0.6169726782834546) 
  (1.599441372132407) (-0.4519979266903368) (-4.334884203431683) 
  (1.641048871337899) (-0.3485503956989111) (4.502295847050846) 
  (1.645651568617122) (-0.3545611136126488) (4.483595942270051) 
  (1.677507460446334) (-0.3698018071458941) (4.247915921732783) 
  (1.714567470087188) (-0.414398812597861) (4.177532182962921) 
  (1.692029263427121) (-0.5104221496254564) (4.204158459372679) 
  (1.678440135471965) (-0.5695500600395166) (4.174222725181359) 
  (1.740592135124006) (-0.6106757920364799) (4.177720688968343) 
  (1.748930453371063) (-0.5859529440882101) (4.117603968710526) 
  (1.772715934215893) (-0.5153213989744436) (-6.195175116881728) 
  (1.841334438181587) (-0.5443704451611679) (-6.141088647479767) 
  (1.887351739111877) (-0.5373334026468356) (-6.119734576077725) 
  (1.930909943246467) (-0.5540086249724708) (1.849290211320644) 
  (1.941622839450621) (-0.6001541351659981) (1.865204765304169) 
  (1.963183233402166) (-0.5915000598844657) (1.894407191926367) 
  (2.017760330772192) (-0.6018767137110885) (1.930381708394063) 
  (1.981701279627359) (-0.6877476755626432) (2.000278809303791) 
  (1.983607709803457) (-0.7082000178497456) (-7.860380080528557) 
  (1.975331471856217) (-0.679295002230319) (-7.840830018924705) 
  (1.940193465123581) (-0.7426246059787786) (-7.808153152009965) 
  (1.997796970721196) (-0.7458629526798395) (-7.806852222736853) 
  (2.050235657389843) (-0.723923306900472) (-7.790961964684808) 
  (2.081785492579763) (-0.8156428021256158) (-7.798081995858507) 
  (2.090333811975659) (-0.8286624953427509) (-7.729964897350313) 
  (-0.8710929799009448) (2.075331887880341) (-7.785182409484628) 
  (-0.8255671730645405) (2.014456229489695) (0.7649263878188437) 
  (-0.7351839216743727) (2.05856808555724) (0.7868309699818125) 
  (-0.6934419214987685) (2.065487520889664) (0.7828598742899169) 
  (-0.7026153553176859) (2.009190337001177) (-9.733621722605225) 
  (-0.7253866973296561) (2.015327721803367) (-1.585495541803539) 
  (2.077414649764215) (-0.7091423011154171) (-1.562921313036733) 
  (-0.6970447543744814) (2.130657654480293) (-1.56445996127894) 
  (-0.7606204630431899) (2.160319340978494) (-1.563840771296697) 
  (-0.6850850350646088) (2.069170611643603) (-1.56722549403138) 
  (-0.764590130567334) (2.12332857649803) (-1.628205538160288) 
  (-0.7261614195686772) (2.121515186204629) (9.9472142662853) 
  (-0.7280664742142217) (2.083732485368892) (9.929260440777385) 
  (-0.7477883570298293) (2.101902048169146) (2.782166609540582) 
  (-0.8056952900893967) (2.086057100591043) (2.768231261911161) 
  (-0.8430800308156381) (2.084535779470822) (9.789415138362919) 
  (-0.8592921898618768) (2.025034790042612) (9.753302123393757) 
  (-0.7989088980789701) (1.991358512939563) (9.737555388342727) 
  (-0.8044840035845793) (1.967069575751317) (9.770977441664288) 
  (2.055111178953531) (-0.6929888468810558) (6.129736159928143) 
  (2.022190793878161) (-0.6172983820136326) (6.108298813577377) 
  (2.060717812796011) (-0.5644337554661444) (-2.59598539210856) 
  (2.065316324605903) (-0.5301282380631812) (2.580275395328274) 
  (2.018749374992668) (-0.5015161283549653) (-0.4009383325880154) 
  (2.083017051999954) (-0.5064771738379554) (-0.4169281640695294) 
  (2.091125187307755) (-0.5138009756716455) (8.98717834148556) 
  (2.020670230598831) (-0.4420335122306995) (8.91539003852446) 
  (1.990020204087891) (-0.4716035354631611) (8.916375515966736) 
  (1.988935938111561) (-0.3776431583703326) (8.942684218890465) 
  (1.904318357129929) (-0.39512451882521) (8.88554496656827) 
  (1.897902078049811) (-0.3432879850614665) (8.920046148475095) 
  (1.885857222808063) (-0.3394555691848617) (4.841423477046192) 
  (1.847288313656911) (-0.295227135272132) (4.85594990077933) 
  (1.782779411663445) (-0.2451601974910391) (6.063793012872338) 
  (1.769521540946771) (-0.2496824775032507) (4.75284719049687) 
  (1.799913496503713) (-0.2300265328484063) (4.827037060829356) 
  (1.78014790886602) (-0.1988297776800677) (4.858692040067764) 
  (1.747675541961071) (-0.1387075069585426) (4.870552916238209) 
  (1.744481710598972) (-0.174135756176196) (4.881491110019865) 
  (1.733564048549804) (-0.1716888897415356) (4.900281514938166) 
  (1.709316431427455) (-0.1574307332612528) (4.882208150821078) 
  (-0.09726835165026196) (1.718900094967437) (8.637439459562302) 
  (-0.1014362633412859) (1.762336874597482) (8.653378278266283) 
  (-0.1232957334249656) (1.734503968014748) (-6.534798287310343) 
  (-0.1114044955107559) (1.745734033929468) (-9.074905968581268) 
  (-0.1301706741543733) (1.749427702302077) (-0.1882170373573899) 
  (-0.1812997331881674) (1.785675692418508) (-0.09997228153669495) 
  (-0.2305661680809714) (1.799294892134122) (-0.1532135410488174) 
  (-0.2069485545472018) (1.84387059561461) (-0.1227969171863967) 
  (-0.2236516922352987) (1.793150899430288) (-0.1552774505361686) 
  (-0.2898189701615471) (1.738290735803292) (-0.1086398905276251) 
  (1.717828504007492) (-0.2521933735505916) (8.517771012653633) 
  (1.718746791998826) (-0.2398626581527218) (8.481274872783789) 
  (1.656759160288384) (-0.2001215023538638) (8.492627096466535) 
  (1.688851917566797) (-0.1931342224490383) (8.492753467241551) 
  (1.708561750778132) (-0.2342043444031791) (8.56473104274699) 
  (1.733441781180875) (-0.2656074238311824) (8.539039322053165) 
  (1.759308696231174) (-0.2604045859995631) (8.526491021085222) 
  (1.809434992938146) (-0.3244078898555973) (8.561366149168832) 
  (1.886693911900402) (-0.3397962893568676) (8.581517195921675) 
  (1.87135057707607) (-0.4197050480501742) (8.602559461128854) 
  (1.765756450876858) (-0.3992499290755249) (-5.757759399712086) 
  (1.723508389053483) (-0.4906577310153493) (2.436503806295215) 
  (1.838396604365755) (-0.4658295336021381) (-1.817403892055154) 
  (1.878263875437272) (-0.4973171373833099) (2.28230686677709) 
  (1.872691700641714) (-0.435501188359841) (5.052778851240873) 
  (1.893039620989534) (-0.508714131968795) (5.072776886346722) 
  (1.834640852192511) (-0.5719634183892314) (3.14717021305114) 
  (1.77687438073861) (-0.566952681281073) (7.023860389404564) 
  (1.757376738470513) (-0.5672875395280804) (5.86444516158776) 
  (-0.5975279536263828) (1.772125321079) (5.899923606008724) 
  (-0.5896152366596067) (1.747803818395866) (8.489508191123605) 
  (-0.6385516844940797) (1.685784551649218) (7.650948259025871) 
  (-0.5899158369113949) (1.720185262736913) (2.983678532764316) 
  (-0.5604018700185098) (1.644000779841922) (2.932666616806868) 
  (-0.5159846084122824) (1.618273940917692) (-2.076768614351749) 
  (-0.5305225596947286) (1.554453987886397) (8.887163129428421) 
  (-0.5560230388907873) (1.519293355372543) (7.862049876712263) 
  (1.537351676164077) (-0.4821629680445886) (7.945608286538201) 
  (1.450787918050006) (-0.488005722520007) (8.221142962574959) 
  (1.43852275251293) (-0.4051863559547175) (8.210298235735364) 
  (1.42129849835541) (-0.4816004522579226) (-8.983026309870183) 
  (1.44332450857269) (-0.4951598065302462) (-8.987855844443116) 
  (1.428503868439705) (-0.5228437452314409) (-8.989627018289577) 
  (1.533463447712683) (-0.5004998102052185) (-9.013096899209158) 
  (1.520616928984111) (-0.4892066339943262) (-8.992931129440683) 
  (1.527741613984645) (-0.4866241885890714) (-9.040552505616109) 
  (1.576163305237383) (-0.509152653994984) (-9.078748282540824) 
  (1.550685932012235) (-0.5013557430602341) (-9.068644944226087) 
  (1.560288383283989) (-0.5209460831198809) (-0.419217050075531) 
  (1.513806302116168) (-0.5444280720290787) (-9.172243628123919) 
  (1.513075928887151) (-0.5832139732806089) (-9.162398072951788) 
  (1.466279707265993) (-0.6251731301233678) (-9.155518574183789) 
  (1.481322940845984) (-0.6836766517868793) (-0.4680345766246319) 
  (-0.6531570855742519) (1.492006536224735) (-0.5104476400338668) ]

(0,141) x (0,2)
[ (1,0) (1,1) (-1,-1) 
  (2,0) (2,1) (-1,-1) 
  (3,0) (3,1) (-1,-1) 
  (4,0) (4,1) (-1,-1) 
  (5,0) (5,1) (-1,-1) 
  (6,0) (6,1) (-1,-1) 
  (7,0) (7,1) (-1,-1) 
  (8,1) (8,0) (-1,-1) 
  (9,0) (9,1) (-1,-1) 
  (10,0) (10,1) (-1,-1) 
  (11,0) (11,1) (-1,-1) 
  (12,0) (12,1) (-1,-1) 
  (13,0) (13,1) (-1,-1) 
  (14,0) (14,1) (-1,-1) 
  (15,0) (15,1) (-1,-1) 
  (16,0) (16,1) (-1,-1) 
  (17,0) (17,1) (-1,-1) 
  (18,0) (18,1) (-1,-1) 
  (19,0) (19,1) (-1,-1) 
  (20,0) (20,1) (-1,-1) 
  (21,0) (21,1) (-1,-1) 
  (22,0) (22,1) (-1,-1) 
  (23,0) (23,1) (-1,-1) 
  (24,0) (24,1) (-1,-1) 
  (25,0) (25,1) (-1,-1) 
  (26,0) (26,1) (-1,-1) 
  (27,0) (27,1) (-1,-1) 
  (28,0) (28,1) (-1,-1) 
  (29,0) (29,1) (-1,-1) 
  (30,0) (30,1) (-1,-1) 
  (31,0) (31,1) (-1,-1) 
  (32,0) (32,1) (-1,-1) 
  (33,0) (33,1) (-1,-1) 
  (34,0) (34,1) (-1,-1) 
  (35,0) (35,1) (-1,-1) 
  (36,0) (36,1) (-1,-1) 
  (37,0) (37,1) (-1,-1) 
  (38,0) (38,1) (-1,-1) 
  (39,0) (39,1) (-1,-1) 
  (40,0) (40,1) (-1,-1) 
  (41,0) (41,1) (-1,-1) 
  (42,0) (42,1) (-1,-1) 
  (43,0) (43,1) (-1,-1) 
  (44,0) (44,1) (-1,-1) 
  (45,0) (45,1) (-1,-1) 
  (46,0) (46,1) (-1,-1) 
  (47,1) (47,0) (-1,-1) 
  (48,0) (48,1) (-1,-1) 
  (49,0) (49,1) (-1,-1) 
  (50,0) (50,1) (-1,-1) 
  (51,0) (51,1) (-1,-1) 
  (52,0) (52,1) (-1,-1) 
  (53,1) (53,0) (-1,-1) 
  (54,1) (54,0) (-1,-1) 
  (55,0) (55,1) (-1,-1) 
  (56,0) (56,1) (-1,-1) 
  (57,0) (57,1) (-1,-1) 
  (58,0) (58,1) (-1,-1) 
  (59,0) (59,1) (-1,-1) 
  (60,0) (60,1) (-1,-1) 
  (61,0) (61,1) (-1,-1) 
  (62,0) (62,1) (-1,-1) 
  (63,0) (63,1) (-1,-1) 
  (64,0) (64,1) (-1,-1) 
  (65,0) (65,1) (-1,-1) 
  (66,1) (66,0) (-1,-1) 
  (67,0) (67,1) (-1,-1) 
  (68,0) (68,1) (-1,-1) 
  (69,0) (69,1) (-1,-1) 
  (70,0) (70,1) (-1,-1) 
  (71,0) (71,1) (-1,-1) 
  (72,0) (72,1) (-1,-1) 
  (73,0) (73,1) (-1,-1) 
  (74,0) (74,1) (-1,-1) 
  (75,0) (75,1) (-1,-1) 
  (76,0) (76,1) (-1,-1) 
  (77,0) (77,1) (-1,-1) 
  (78,0) (78,1) (-1,-1) 
  (79,0) (79,1) (-1,-1) 
  (80,0) (80,1) (-1,-1) 
  (81,0) (81,1) (-1,-1) 
  (82,0) (82,1) (-1,-1) 
  (83,0) (83,1) (-1,-1) 
  (84,0) (84,1) (-1,-1) 
  (85,0) (85,1) (-1,-1) 
  (86,0) (86,1) (-1,-1) 
  (87,0) (87,1) (-1,-1) 
  (88,1) (88,0) (-1,-1) 
  (89,0) (89,1) (-1,-1) 
  (90,0) (90,1) (-1,-1) 
  (91,0) (91,1) (-1,-1) 
  (92,0) (92,1) (-1,-1) 
  (93,0) (93,1) (-1,-1) 
  (94,0) (94,1) (-1,-1) 
  (95,0) (95,1) (-1,-1) 
  (96,0) (96,1) (-1,-1) 
  (97,0) (97,1) (-1,-1) 
  (98,1) (98,0) (-1,-1) 
  (99,0) (99,1) (-1,-1) 
  (100,0) (100,1) (-1,-1) 
  (101,0) (101,1) (-1,-1) 
  (102,0) (102,1) (-1,-1) 
  (103,0) (103,1) (-1,-1) 
  (104,0) (104,1) (-1,-1) 
  (105,0) (105,1) (-1,-1) 
  (106,0) (106,1) (-1,-1) 
  (107,0) (107,1) (-1,-1) 
  (108,0) (108,1) (-1,-1) 
  (109,0) (109,1) (-1,-1) 
  (110,0) (110,1) (-1,-1) 
  (111,0) (111,1) (-1,-1) 
  (112,0) (112,1) (-1,-1) 
  (113,0) (113,1) (-1,-1) 
  (114,0) (114,1) (-1,-1) 
  (115,0) (115,1) (-1,-1) 
  (116,0) (116,1) (-1,-1) 
  (117,1) (117,0) (-1,-1) 
  (118,0) (118,1) (-1,-1) 
  (119,0) (119,1) (-1,-1) 
  (120,0) (120,1) (-1,-1) 
  (121,0) (121,1) (-1,-1) 
  (122,0) (122,1) (-1,-1) 
  (123,0) (123,1) (-1,-1) 
  (124,0) (124,1) (-1,-1) 
  (125,1) (125,0) (-1,-1) 
  (126,0) (126,1) (-1,-1) 
  (127,0) (127,1) (-1,-1) 
  (128,0) (128,1) (-1,-1) 
  (129,0) (129,1) (-1,-1) 
  (130,0) (130,1) (-1,-1) 
  (131,0) (131,1) (-1,-1) 
  (132,0) (132,1) (-1,-1) 
  (133,0) (133,1) (-1,-1) 
  (134,0) (134,1) (-1,-1) 
  (135,0) (135,1) (-1,-1) 
  (136,0) (136,1) (-1,-1) 
  (137,0) (137,1) (-1,-1) 
  (138,0) (138,1) (-1,-1) 
  (139,0) (139,1) (-1,-1) 
  (140,0) (140,1) (-1,-1) 
  (141,1) (141,0) (-1,-1) 
  (0,0) (0,1) (-1,-1) ]

(0,141) x (0,2)
[ (141,0) (141,1) (-1,-1) 
  (0,0) (0,1) (-1,-1) 
  (1,0) (1,1) (-1,-1) 
  (2,0) (2,1) (-1,-1) 
  (3,0) (3,1) (-1,-1) 
  (4,0) (4,1) (-1,-1) 
  (5,0) (5,1) (-1,-1) 
  (6,0) (6,1) (-1,-1) 
  (7,1) (7,0) (-1,-1) 
  (8,0) (8,1) (-1,-1) 
  (9,0) (9,1) (-1,-1) 
  (10,0) (10,1) (-1,-1) 
  (11,0) (11,1) (-1,-1) 
  (12,0) (12,1) (-1,-1) 
  (13,0) (13,1) (-1,-1) 
  (14,0) (14,1) (-1,-1) 
  (15,0) (15,1) (-1,-1) 
  (16,0) (16,1) (-1,-1) 
  (17,0) (17,1) (-1,-1) 
  (18,0) (18,1) (-1,-1) 
  (19,0) (19,1) (-1,-1) 
  (20,0) (20,1) (-1,-1) 
  (21,0) (21,1) (-1,-1) 
  (22,0) (22,1) (-1,-1) 
  (23,0) (23,1) (-1,-1) 
  (24,0) (24,1) (-1,-1) 
  (25,0) (25,1) (-1,-1) 
  (26,0) (26,1) (-1,-1) 
  (27,0) (27,1) (-1,-1) 
  (28,0) (28,1) (-1,-1) 
  (29,0) (29,1) (-1,-1) 
  (30,0) (30,1) (-1,-1) 
  (31,0) (31,1) (-1,-1) 
  (32,0) (32,1) (-1,-1) 
  (33,0) (33,1) (-1,-1) 
  (34,0) (34,1) (-1,-1) 
  (35,0) (35,1) (-1,-1) 
  (36,0) (36,1) (-1,-1) 
  (37,0) (37,1) (-1,-1) 
  (38,0) (38,1) (-1,-1) 
  (39,0) (39,1) (-1,-1) 
  (40,0) (40,1) (-1,-1) 
  (41,0) (41,1) (-1,-1) 
  (42,0) (42,1) (-1,-1) 
  (43,0) (43,1) (-1,-1) 
  (44,0) (44,1) (-1,-1) 
  (45,0) (45,1) (-1,-1) 
  (46,1) (46,0) (-1,-1) 
  (47,0) (47,1) (-1,-1) 
  (48,0) (48,1) (-1,-1) 
  (49,0) (49,1) (-1,-1) 
  (50,0) (50,1) (-1,-1) 
  (51,0) (51,1) (-1,-1) 
  (52,1) (52,0) (-1,-1) 
  (53,1) (53,0) (-1,-1) 
  (54,0) (54,1) (-1,-1) 
  (55,0) (55,1) (-1,-1) 
  (56,0) (56,1) (-1,-1) 
  (57,0) (57,1) (-1,-1) 
  (58,0) (58,1) (-1,-1) 
  (59,0) (59,1) (-1,-1) 
  (60,0) (60,1) (-1,-1) 
  (61,0) (61,1) (-1,-1) 
  (62,0) (62,1) (-1,-1) 
  (63,0) (63,1) (-1,-1) 
  (64,0) (64,1) (-1,-1) 
  (65,1) (65,0) (-1,-1) 
  (66,0) (66,1) (-1,-1) 
  (67,0) (67,1) (-1,-1) 
  (68,0) (68,1) (-1,-1) 
  (69,0) (69,1) (-1,-1) 
  (70,0) (70,1) (-1,-1) 
  (71,0) (71,1) (-1,-1) 
  (72,0) (72,1) (-1,-1) 
  (73,0) (73,1) (-1,-1) 
  (74,0) (74,1) (-1,-1) 
  (75,0) (75,1) (-1,-1) 
  (76,0) (76,1) (-1,-1) 
  (77,0) (77,1) (-1,-1) 
  (78,0) (78,1) (-1,-1) 
  (79,0) (79,1) (-1,-1) 
  (80,0) (80,1) (-1,-1) 
  (81,0) (81,1) (-1,-1) 
  (82,0) (82,1) (-1,-1) 
  (83,0) (83,1) (-1,-1) 
  (84,0) (84,1) (-1,-1) 
  (85,0) (85,1) (-1,-1) 
  (86,0) (86,1) (-1,-1) 
  (87,1) (87,0) (-1,-1) 
  (88,0) (88,1) (-1,-1) 
  (89,0) (89,1) (-1,-1) 
  (90,0) (90,1) (-1,-1) 
  (91,0) (91,1) (-1,-1) 
  (92,0) (92,1) (-1,-1) 
  (93,0) (93,1) (-1,-1) 
  (94,0) (94,1) (-1,-1) 
  (95,0) (95,1) (-1,-1) 
  (96,0) (96,1) (-1,-1) 
  (97,1) (97,0) (-1,-1) 
  (98,0) (98,1) (-1,-1) 
  (99,0) (99,1) (-1,-1) 
  (100,0) (100,1) (-1,-1) 
  (101,0) (101,1) (-1,-1) 
  (102,0) (102,1) (-1,-1) 
  (103,0) (103,1) (-1,-1) 
  (104,0) (104,1) (-1,-1) 
  (105,0) (105,1) (-1,-1) 
  (106,0) (106,1) (-1,-1) 
  (107,0) (107,1) (-1,-1) 
  (108,0) (108,1) (-1,-1) 
  (109,0) (109,1) (-1,-1) 
  (110,0) (110,1) (-1,-1) 
  (111,0) (111,1) (-1,-1) 
  (112,0) (112,1) (-1,-1) 
  (113,0) (113,1) (-1,-1) 
  (114,0) (114,1) (-1,-1) 
  (115,0) (115,1) (-1,-1) 
  (116,1) (116,0) (-1,-1) 
  (117,0) (117,1) (-1,-1) 
  (118,0) (118,1) (-1,-1) 
  (119,0) (119,1) (-1,-1) 
  (120,0) (120,1) (-1,-1) 
  (121,0) (121,1) (-1,-1) 
  (122,0) (122,1) (-1,-1) 
  (123,0) (123,1) (-1,-1) 
  (124,1) (124,0) (-1,-1) 
  (125,0) (125,1) (-1,-1) 
  (126,0) (126,1) (-1,-1) 
  (127,0) (127,1) (-1,-1) 
  (128,0) (128,1) (-1,-1) 
  (129,0) (129,1) (-1,-1) 
  (130,0) (130,1) (-1,-1) 
  (131,0) (131,1) (-1,-1) 
  (132,0) (132,1) (-1,-1) 
  (133,0) (133,1) (-1,-1) 
  (134,0) (134,1) (-1,-1) 
  (135,0) (135,1) (-1,-1) 
  (136,0) (136,1) (-1,-1) 
  (137,0) (137,1) (-1,-1) 
  (138,0) (138,1) (-1,-1) 
  (139,0) (139,1) (-1,-1) 
  (140,1) (140,0) (-1,-1) ]

(0,141) x (0,2)
[ 1 1 0 
  1 1 0 
  1 1 0 
  1 1 0 
  1 1 0 
  1 1 0 
  1 1 0 
  1 1 0 
  1 1 0 
  1 1 0 
  1 1 0 
  1 1 0 
  1 1 0 
  1 1 0 
  1 1 0 
  1 1 0 
  1 1 0 
  1 1 0 
  1 1 0 
  1 1 0 
  1 1 0 
  1 1 0 
  1 1 0 
  1 1 0 
  1 1 0 
  1 1 0 
  1 1 0 
  1 1 0 
  1 1 0 
  1 1 0 
  1 1 0 
  1 1 0 
  1 1 0 
  1 1 0 
  1 1 0 
  1 1 0 
  1 1 0 
  1 1 0 
  1 1 0 
  1 1 0 
  1 1 0 
  1 1 0 
  1 1 0 
  1 1 0 
  1 1 0 
  1 1 0 
  1 1 0 
  1 1 0 
  1 1 0 
  1 1 0 
  1 1 0 
  1 1 0 
  1 1 0 
  1 1 0 
  1 1 0 
  1 1 0 
  1 1 0 
  1 1 0 
  1 1 0 
  1 1 0 
  1 1 0 
  1 1 0 
  1 1 0 
  1 1 0 
  1 1 0 
  1 1 0 
  1 1 0 
  1 1 0 
  1 1 0 
  1 1 0 
  1 1 0 
  1 1 0 
  1 1 0 
  1 1 0 
  1 1 0 
  1 1 0 
  1 1 0 
  1 1 0 
  1 1 0 
  1 1 0 
  1 1 0 
  1 1 0 
  1 1 0 
  1 1 0 
  1 1 0 
  1 1 0 
  1 1 0 
  1 1 0 
  1 1 0 
  1 1 0 
  1 1 0 
  1 1 0 
  1 1 0 
  1 1 0 
  1 1 0 
  1 1 0 
  1 1 0 
  1 1 0 
  1 1 0 
  1 1 0 
  1 1 0 
  1 1 0 
  1 1 0 
  1 1 0 
  1 1 0 
  1 1 0 
  1 1 0 
  1 1 0 
  1 1 0 
  1 1 0 
  1 1 0 
  1 1 0 
  1 1 0 
  1 1 0 
  1 1 0 
  1 1 0 
  1 1 0 
  1 1 0 
  1 1 0 
  1 1 0 
  1 1 0 
  1 1 0 
  1 1 0 
  1 1 0 
  1 1 0 
  1 1 0 
  1 1 0 
  1 1 0 
  1 1 0 
  1 1 0 
  1 1 0 
  1 1 0 
  1 1 0 
  1 1 0 
  1 1 0 
  1 1 0 
  1 1 0 
  1 1 0 
  1 1 0 
  1 1 0 
  1 1 0 
  1 1 0 ]

2123601117 3503243222 1965085665 2934179668 2985501501 313385494 4173027819 1945128783 1425474617 4268678401 821920147 2357372115 2794599509 3504451374 64306555 3010409124 2867154840 2877121976 1565930171 1591678724 1135152494 3214385190 2451426451 3168829490 1412634691 3242765288 686671540 3572869265 450034217 2463165964 2287012022 3376617576 2796232814 814509527 2306235575 99048241 2672919034 4241531579 763451699 764519247 377581108 3848895271 2008028903 456019988 691964520 2783741029 2751049329 990741907 209979670 547141315 2522766405 405801678 1952830374 1548264825 2834180442 3850121631 4272725801 1933903817 1281758976 3297556660 263420082 4290197987 107544653 4161375756 701670735 84952956 2712894779 1045885392 2574956277 1067168688 3028581241 1287606371 3208811510 831535819 3107140779 333612936 2752831428 383355712 147200504 1004403603 2764742397 3525154576 3180908902 3427967570 3163618540 87401464 1612885633 4028772815 697940047 3967690152 2766021954 556946114 3825580299 2711054623 4069663230 333603155 2003941927 887980002 3170645458 3523554064 2224916844 2742767668 212502674 574311676 2307243375 3710031280 3502227763 3248784808 1838073248 2826769782 2320607283 171226941 3353923906 1621660290 1403826740 956280568 4130255961 1690037711 2851226165 3000808124 3347221121 1388783133 4189284418 983741605 2232299627 2600122813 3970486477 2489508387 3678666514 1048061613 2527641185 4107057844 1748436390 2739949872 31322155 3009927713 3098814596 699083172 3572433142 1130471340 4129867479 362256880 1668887955 67904704 2769237711 832906560 1646022108 4123435674 816983152 885735523 237063766 3896573342 1559986863 3362832168 2821957829 1278557389 3241968091 3395644769 798581961 3907412855 946228749 181778339 3583891855 2767483564 3378948680 956324303 3666132182 4256878924 2928155688 1751830824 4003539428 3697135664 3915479984 4038604589 3948090998 642705998 3768443174 2829792721 510634352 2973502382 1693295431 1144989907 2671151496 2265393183 2418010226 2718966206 2076036285 779722697 3494099220 1803259512 2134215763 1608642601 1551068726 2931576982 511628300 2896405309 1129821335 3262965001 1865694731 1550546901 821163722 1731978748 786499936 1957551267 3753379444 3494439125 2985159102 1758989713 3066734923 19154601 1808526768 3448136140 1346124082 3514580352 2667792885 1935727643 3542440705 3838074529 2762621488 387841151 2266496716 386373579 313300857 767000378 604635688 2746337093 712757874 2834075722 1856773527 2317460969 2713003959 2032768665 3600786380 1358718910 3183219147 4120969078 3479634111 378055050 2595190172 279288402 49502327 3749137722 2546945212 3514715704 3333762298 3183253317 1888909537 1607493744 1850801279 3819176745 1540316055 1591348387 2013601785 3385674304 300789078 2788522386 2407342057 3298320089 208532600 2005588050 2168226104 3693615902 3434954228 621047594 562107471 3624276778 318070267 3059472130 3451225762 3524413169 861045033 3479223720 3030273310 540878795 579101464 1617137593 4151045724 4293281505 3468897627 48999252 707897873 3648261241 2734427796 3985398339 2684026379 538233977 3270835380 2978206082 2582747238 1518678296 1478859235 4124060650 1564733010 3960269129 281406165 2296126723 2003792213 3450789934 127999353 3656370673 1019708921 2423651351 2551690510 1978273359 767853645 3893361785 641440085 3929588918 960456529 4114764640 3139819399 1272169812 894018136 1918310085 731076023 3815787894 1803133666 395510142 61670929 2249401541 944224306 4157798626 1213357404 3133324171 1714375529 440510327 340721602 3309793305 3266735229 3503765747 1392724383 3517932627 366367425 1892240583 2791048652 2019377709 2679873589 531747461 2235113530 3394861527 2016077447 2473472379 196419504 4294946036 1349176846 3589203997 3611605101 3657715442 1189728321 1866365811 1398360148 1416084341 3953051554 3723099045 3137233450 200412986 1598045593 3298729816 4040250137 2586847449 1103772627 984068212 2874140796 830562385 1914411813 2905925087 4186400475 1345080507 3314729300 3243980072 3212708867 4093388331 48946261 2594949137 2701290890 90976411 3248156325 1686574040 1324751340 2058373728 879626632 4150507966 3046987234 2522397037 2946905248 1730434782 2876508089 2269995761 3524939136 1907498716 2295003761 1476586942 667069911 2780669222 2289488631 2439877934 2383821635 1334633978 105634249 1630532080 3812290604 3023463116 2853871254 4010577122 2584641885 3500406694 1856664839 2434778641 746660079 661355784 784095922 2771641941 2819712507 2476268948 1630638638 497028070 3130820920 4158368109 1877518525 3398791322 1410418975 1436559748 295678711 119433340 2099388538 881042833 3982243251 3923896542 732668699 897242184 3951180076 3922657052 1658460941 885907639 2946425477 72528939 4966736 3705673231 2414361051 929809838 99106430 3755466472 3573830224 620967926 58762331 718713804 1048490122 1037440633 3311809477 4255345563 1726428798 593711613 443205928 3966976965 3366468895 4253648290 3793646296 3294762283 4157789722 3614902272 3123603126 1234987985 868455161 2128309887 40209850 2877169748 1624756978 3351165987 3719859826 1139630738 1236166759 1749381214 3326665162 1710042515 3645106213 2961104546 1252283964 2556911725 1318865062 2038745226 821525397 4181811892 3397884858 3139203765 2832451036 2345465426 625849141 683628348 1508582710 147418597 1571974400 2219243318 4286007710 3639891905 420321114 540750001 159577501 1785369075 548798617 3104159363 1572559822 3511293234 1520092407 2966452110 4202849131 1467481304 2338533490 2897493028 2939579069 2821899909 2205597594 3738219312 4114284478 1072210476 1728048740 475962169 3360870242 3034326363 74012302 459392926 3259349249 4293494943 701267907 3842738258 1467086938 1066279100 4013286470 3667356455 429426795 2846119246 1945686864 3664112635 3047092034 4005483575 2112562289 1285728970 3036835033 511024195 3106574801 2982741457 3181173888 3728913401 3409061335 654169570 1196869948 1299019257 942099163 1920568088 1513692597 229958735 3325566891 2030333549 3537942757 2828389159 1196893688 875510401 380959047 304868927 2163136133 4217904647 2099593418 4235274669 2274508825 878801527 599145941 4191039398 2643005535 3226015911 87463928 1276258594 4109812006 3449807100 1538425269 716412146 2529503948 693895668 4155570571 3617970605 1445042284 4129128203 2644513123 294821624 3316450849 233012890 1734929931 1364547017 530315036 3470252434 1117229869 2868761996 3669310280 176696127 3185828812 2165040785 994729184 1141880030 227108731 737954453 957022306 308026830 2775035466 3642532969 3609493621 3066464445 3208231904 1070140056 1528902109 698744194 3458104153 2734702228 2026181470 839090672 4220943040 902800787 608310630 3747218130 2668697722 2657910513 3517179295 2998573762 2489839795 1708805570 1330241130 676807154 513 
