#PIMCID: 1d636f7a-b989-11ec-30f2-838c3926f424
#	E			E2			KE			PE			X			X2
21.381556197611918	1.5860661551369643e6	21.326850635009563	0.05470556260236127	-0.24012461586156	6.381445657912379
24.923730144882526	2.7247459273738675e6	24.86158596145303	0.06214418342951369	0.031344075195454825	4.726494642693416
27.57393773700339	2.142108651245967e6	27.51941070690623	0.0545270300971698	0.43931985024638404	5.7320188221140995
27.694662886816133	2.6447787382773133e6	27.633061339729124	0.06160154708700008	0.18646773148130735	5.016370778743318
26.66132482213378	2.0605922293649712e6	26.59683384457836	0.06449097755541743	-0.3364173358380583	6.4138889545506235
26.737918093604584	2.279908730682198e6	26.67778627827821	0.06013181532635759	0.30021318943109376	5.14170415903262
22.949762023090276	1.611752137751014e6	22.887998078668637	0.06176394442163837	0.020108311573948125	6.537335878762926
28.755051863360062	2.5789959856480183e6	28.694468228875653	0.06058363448441792	-0.17921169256319294	6.472908496881676
22.59263570452819	1.5787079508234814e6	22.52245271170999	0.07018299281819278	-0.4066972065600832	8.30928395923734
23.930966677282726	2.1138912289870144e6	23.861999738602577	0.06896693868013974	0.4226814781910283	6.573677312937038
28.54078943601033	2.38554738447761e6	28.475056240485618	0.06573319552469577	0.19449072723870348	6.172116129489792
25.42839475510292	2.438561652744035e6	25.3773767362808	0.0510180188221153	-0.3607692871988401	5.99036518039791
31.055116326525198	3.33694712793637e6	30.970158278718355	0.0849580478068492	-0.08078561785948842	6.4869317595238485
29.69076352103286	3.007518005458966e6	29.633179269886526	0.0575842511463046	-0.4585428818013879	6.723192701662658
26.030194793877598	2.1137055689456244e6	25.95178975327578	0.07840504060182088	-0.6006925741312462	6.295454660375695
20.309963676718283	1.3262669538176728e6	20.261109831459965	0.04885384525830355	0.37147782258769513	5.166343051992646
30.1126953721312	3.4846501146243666e6	30.046673623842967	0.06602174828823877	0.15253803163290422	5.117438718323585
26.061972634103554	2.226246637776385e6	26.009735104308078	0.0522375297954639	0.2536818706934174	5.616888103229251
27.333356668339825	2.5367041343483985e6	27.26951014266763	0.06384652567219318	0.1369159863044908	6.504881079515954
29.192639789441046	2.930106022756004e6	29.127818393331367	0.06482139610967763	0.424678564285499	6.247963740896786
31.62664541257716	3.1356997702211677e6	31.563301298594293	0.06334411398286903	0.11708431648940527	7.363626974860077
28.6862625417911	2.4973166447393037e6	28.62135983385823	0.06490270793284852	0.23456482978652193	5.325749135011751
24.07044071478879	2.4513093351688753e6	24.02789196242423	0.04254875236456557	-0.330225253879243	5.123472385821585
29.49065034790494	2.6265059918661136e6	29.41245671664909	0.07819363125584583	0.4204745094077019	8.504246927826458
25.775989882531363	2.317442857598407e6	25.718059801009936	0.05793008152140729	1.2810119193532652	6.8655659549510135
29.11142569141691	2.614611028239863e6	29.056601299555	0.05482439186190814	0.09161840150897313	6.098670352154476
24.031983050212652	1.6775043136987835e6	23.958537543957686	0.07344550625495644	-0.16904475058785823	6.5144373726246245
26.501387292974478	2.2734880979844057e6	26.4405833260198	0.060803966954674424	-0.37634876601286454	6.3310682349945395
19.922676579537075	1.412166367763762e6	19.865717443662838	0.05695913587422646	0.17894480936233959	6.11919886910497
27.635296331282312	2.423999364450806e6	27.575775183924584	0.059521147357710476	0.0517981905906956	7.488017244117494
23.000568391370177	1.8211595895515066e6	22.95116005411398	0.04940833725618744	-0.10058391783024755	5.3585324789385576
24.988380891293527	2.0347748423462457e6	24.920285636482653	0.06809525481086823	-0.08142314356888593	5.977282742295364
21.6241188760469	1.667641052598554e6	21.55746384224558	0.0666550338013337	0.3789762897883808	7.361529313413408
27.2452648264335	2.6060612527784742e6	27.170370031547215	0.07489479488628709	-0.37963290369102665	8.014989349781075
23.97272024378276	2.159404392438726e6	23.900574763256664	0.07214548052610703	0.2739628357177361	7.664500168067263
24.794733030684707	2.0501206441657231e6	24.72953597888368	0.06519705180101543	0.5715791734874124	5.557179732081578
21.1304049960861	1.3422018918531402e6	21.074053803819407	0.056351192266703716	0.2090224934290052	4.945221314802923
27.76918892709607	2.189238164248533e6	27.69138898340783	0.07779994368823402	-0.24351261785430547	6.790655471001557
29.16604983670391	2.7370084439053093e6	29.107297588981165	0.05875224772275032	0.39234958647792195	6.690772876565507
33.07923517676414	3.9601460042839088e6	33.01968096585692	0.05955421090723016	-0.2370048073456879	5.563102287819781
22.515951788366124	1.5572573425741442e6	22.45227557133313	0.06367621703299457	0.45666748295796117	7.1905244026557265
29.242265379415944	3.172323057007387e6	29.18524370218387	0.05702167723206934	-0.18148845251761392	5.4546697796225745
32.1985443023793	3.3844531219362663e6	32.1443761177186	0.054168184660672074	-0.15764848248047006	5.436317626502569
20.216839075987735	1.449304428606175e6	20.146846691402356	0.06999238458537702	0.05175443157537021	6.286971022631821
28.166299034200495	2.5636329698852804e6	28.099180029964263	0.06711900423622214	-0.6447933948278475	6.416650515070598
26.691073464310303	2.434350058837057e6	26.61625945413021	0.07481401018009763	0.6542023542102691	6.91460094708269
32.14845267919929	2.8135239366085446e6	32.08143021172978	0.06702246746951919	0.006203742078590033	6.160907255246418
26.070785673814107	1.8963378744873696e6	26.013874283880952	0.056911389933156566	-0.10034165254594896	5.906653659953844
22.277105928126545	2.131623375609267e6	22.23122411155201	0.04588181657453918	0.09685157553034311	4.168749656874454
25.12097634646229	1.92639353547532e6	25.069070958398626	0.051905388063675915	-0.2756717313823236	6.026629315512249
23.82829005096846	1.7461304795055366e6	23.764778353627204	0.06351169734124353	0.2600893196791877	5.638900489125532
29.57112396981295	3.1001245548221045e6	29.508154074862176	0.06296989495079196	0.2617618919314778	6.240176889564787
18.44265597126244	1.2782899566738738e6	18.37472664646913	0.06792932479330897	-0.3944899373832446	5.813467360268994
27.025106750656136	2.692910679947398e6	26.96780863214174	0.057298118514393016	0.2743623727246013	7.664895408712699
30.75503324115731	3.2521567703094413e6	30.69193325899227	0.06309998216502664	-0.14980147786015127	6.606033429132782
28.84514458169665	2.5809202401178065e6	28.778380929242207	0.0667636524544469	-0.08072670161989551	6.927251646932732
23.948879040912985	1.8735417372845972e6	23.902743767834934	0.04613527307803241	-0.005200596510024402	4.388079165016856
28.614274572544964	2.5990087685386036e6	28.541464666333766	0.07280990621120036	0.6933826076650179	8.405174479397436
23.81586126950145	1.8773108481946853e6	23.764804106656033	0.05105716284541842	0.5443788299882742	6.424753564363012
24.538325407289925	2.3129181710636606e6	24.482456113729633	0.055869293560271455	0.6799468239555118	6.238060110269034
26.608553388636455	2.3168183441437054e6	26.54926554368974	0.059287844946704096	0.25582292017564506	6.166805667033227
28.08338553492784	2.9412004215719085e6	28.03174241073023	0.05164312419759348	0.051429689166028504	4.5517429583660025
27.449092290956877	2.33483151966928e6	27.377536312136293	0.07155597882059049	0.9685849902830758	4.892387069101473
24.246139114080083	1.6560223240750898e6	24.184163293448773	0.061975820631318033	0.011392217686926253	6.354320872540614
30.49473486759645	3.1036690344952797e6	30.41848491670771	0.07624995088872849	-0.04989093576558918	8.219252999237268
19.153155912411076	1.2021692838552506e6	19.089590321012537	0.06356559139853322	0.17975640709206442	6.525447955832691
21.622329644177235	1.29235071433815e6	21.56622516558538	0.05610447859186502	-0.09579907044236129	6.320291397053854
